0157;15-11-2013T15:59:43;armmf.adobe.com
0157;15-11-2013T16:04:33;javadl-esd-secure.oracle.com
0157;15-11-2013T16:04:53;javadl-esd-secure.oracle.com
0157;15-11-2013T16:05:48;www.google.com
0157;15-11-2013T16:05:48;apis.google.com
0157;15-11-2013T16:05:48;www.google.fr
0157;15-11-2013T22:41:50;s-static.ak.facebook.com
0157;15-11-2013T22:41:51;www.facebook.com
0157;15-11-2013T22:44:01;www.google.com
0157;15-11-2013T22:44:46;apis.google.com
0157;15-11-2013T22:44:47;accounts.google.com
0157;15-11-2013T22:44:54;www.google.fr
0157;15-11-2013T15:59:45;armmf.adobe.com
0157;15-11-2013T15:59:48;armdl.adobe.com
0157;15-11-2013T16:05:03;gtssl-ocsp.geotrust.com
0157;15-11-2013T16:05:22;clients1.google.com
0157;15-11-2013T16:05:22;gtglobal-ocsp.geotrust.com
0157;15-11-2013T16:05:23;clients1.google.com
0157;15-11-2013T16:05:28;www.google.fr
0157;15-11-2013T16:05:28;clients1.google.com
0157;15-11-2013T16:05:28;ocsp.tcs.terena.org
0157;15-11-2013T16:05:28;ocsp.usertrust.com
0157;15-11-2013T16:05:34;clients1.google.com
0157;15-11-2013T20:45:05;download.oracle.com
0157;15-11-2013T20:45:05;docs.oracle.com
0157;15-11-2013T20:45:06;docs.oracle.com
0157;15-11-2013T21:03:27;download.oracle.com
0157;15-11-2013T21:03:27;docs.oracle.com
0157;15-11-2013T21:03:28;download.oracle.com
0157;15-11-2013T21:03:28;docs.oracle.com
0157;15-11-2013T21:03:29;download.oracle.com
0157;15-11-2013T21:03:29;docs.oracle.com
0157;15-11-2013T21:03:30;download.oracle.com
0157;15-11-2013T21:03:30;docs.oracle.com
0157;15-11-2013T21:03:31;download.oracle.com
0157;15-11-2013T21:03:31;docs.oracle.com
0157;15-11-2013T21:35:23;download.oracle.com
0157;15-11-2013T21:35:23;docs.oracle.com
0157;15-11-2013T21:35:24;download.oracle.com
0157;15-11-2013T21:35:24;docs.oracle.com
0157;15-11-2013T21:35:50;download.oracle.com
0157;15-11-2013T21:35:50;docs.oracle.com
0157;15-11-2013T21:35:51;download.oracle.com
0157;15-11-2013T21:35:51;docs.oracle.com
0157;15-11-2013T22:41:03;clients1.google.com
0157;15-11-2013T22:41:04;gtglobal-ocsp.geotrust.com
0157;15-11-2013T22:41:04;clients1.google.com
0157;15-11-2013T22:41:46;www.google.fr
0157;15-11-2013T22:41:47;grepcode.com
0157;15-11-2013T22:41:48;grepcode.com
0157;15-11-2013T22:41:50;grepcode.com
0157;15-11-2013T22:41:50;connect.facebook.net
0157;15-11-2013T22:41:50;static.ak.facebook.com
0157;15-11-2013T22:41:50;clients1.google.com
0157;15-11-2013T22:41:51;clients1.google.com
0157;15-11-2013T22:41:52;grepcode.com
0157;15-11-2013T22:41:53;grepcode.com
0157;15-11-2013T22:41:54;grepcode.com
0157;15-11-2013T22:41:55;grepcode.com
0157;15-11-2013T22:41:56;grepcode.com
0157;15-11-2013T22:42:01;gtssl-ocsp.geotrust.com
0157;15-11-2013T22:42:02;www.google.fr
0157;15-11-2013T22:42:02;dev.eclipse.org
0157;15-11-2013T22:42:04;www.google.fr
0157;15-11-2013T22:42:06;www.objectdb.com
0157;15-11-2013T22:42:10;www.objectdb.com
0157;15-11-2013T22:42:10;img.objectdb.com
0157;15-11-2013T22:42:12;grepcode.com
0157;15-11-2013T22:42:50;www.objectdb.com
0157;15-11-2013T22:43:06;www.objectdb.com
0157;15-11-2013T22:43:06;safebrowsing.clients.google.com
0157;15-11-2013T22:43:06;safebrowsing-cache.google.com
0157;15-11-2013T22:43:15;www.objectdb.com
0157;15-11-2013T22:43:16;www.objectdb.com
0157;15-11-2013T22:43:35;www.objectdb.com
0157;15-11-2013T22:43:40;www.objectdb.com
0157;15-11-2013T22:43:41;www.objectdb.com
0157;15-11-2013T22:43:45;www.objectdb.com
0157;15-11-2013T22:43:47;www.objectdb.com
0157;15-11-2013T22:44:14;www.objectdb.com
0157;15-11-2013T22:44:15;www.objectdb.com
0157;15-11-2013T22:44:56;www.objectdb.com
0157;15-11-2013T22:45:20;www.objectdb.com
0157;15-11-2013T22:45:26;www.objectdb.com
0157;15-11-2013T22:45:42;www.objectdb.com
0157;17-11-2013T19:32:43;download.oracle.com
0157;17-11-2013T19:32:43;docs.oracle.com
0157;17-11-2013T19:37:24;download.oracle.com
0157;17-11-2013T19:37:24;docs.oracle.com
0157;17-11-2013T15:42:29;javadl-esd-secure.oracle.com
0157;17-11-2013T16:00:14;javadl-esd-secure.oracle.com
0157;18-11-2013T11:28:50;snippets-stats.mozilla.org
0157;18-11-2013T11:31:37;www.google.fr
0157;18-11-2013T11:32:07;accounts.youtube.com
0157;18-11-2013T11:32:09;accounts.google.fr
0157;18-11-2013T11:32:09;accounts.google.co.ma
0157;18-11-2013T11:32:14;clients2.google.com
0157;18-11-2013T11:32:15;chatenabled.mail.google.com
0157;18-11-2013T11:32:15;www.google.com
0157;18-11-2013T11:32:16;accounts.google.com
0157;18-11-2013T11:32:59;apis.google.com
0157;18-11-2013T11:33:04;javadl-esd-secure.oracle.com
0157;18-11-2013T11:33:10;plus.google.com
0157;18-11-2013T11:34:04;javadl-esd-secure.oracle.com
0157;18-11-2013T11:35:58;mail.google.com
0157;18-11-2013T11:35:58;apis.google.com
0157;18-11-2013T11:42:24;javadl-esd-secure.oracle.com
0157;18-11-2013T11:45:08;javadl-esd-secure.oracle.com
0157;18-11-2013T11:49:15;plus.google.com
0157;18-11-2013T11:49:15;apis.google.com
0157;18-11-2013T11:49:16;www.google.com
0157;18-11-2013T11:49:16;www.google.fr
0157;18-11-2013T11:57:53;api.facebook.com
0157;18-11-2013T11:57:57;s-static.ak.facebook.com
0157;18-11-2013T11:58:32;twitter.com
0157;18-11-2013T11:58:49;login.wikimedia.org
0157;18-11-2013T11:58:49;en.wikibooks.org
0157;18-11-2013T11:59:00;public-api.wordpress.com
0157;18-11-2013T11:59:48;s0.wp.com
0157;18-11-2013T11:59:48;s1.wp.com
0157;18-11-2013T12:00:39;plus.google.com
0157;18-11-2013T12:00:39;www.google.com
0157;18-11-2013T12:00:41;www.google.fr
0157;18-11-2013T12:00:52;accounts.google.com
0157;18-11-2013T12:00:56;apis.google.com
0157;18-11-2013T12:05:11;adzerk-www.s3.amazonaws.com
0157;18-11-2013T12:05:24;stackauth.com
0157;18-11-2013T12:06:24;plus.google.com
0157;18-11-2013T12:07:07;www.gravatar.com
0157;18-11-2013T12:07:22;apis.google.com
0157;18-11-2013T12:10:54;plus.google.com
0157;18-11-2013T13:08:35;plus.google.com
0157;18-11-2013T13:08:35;www.google.com
0157;18-11-2013T13:10:39;www.google.fr
0157;18-11-2013T13:18:48;plus.google.com
0157;18-11-2013T13:32:00;apis.google.com
0157;18-11-2013T13:32:00;plus.google.com
0157;18-11-2013T13:32:00;www.google.com
0157;18-11-2013T13:32:00;www.google.fr
0157;18-11-2013T13:43:07;apis.google.com
0157;18-11-2013T13:43:07;www.google.com
0157;18-11-2013T13:43:15;www.google.fr
0157;18-11-2013T13:50:40;s-static.ak.facebook.com
0157;18-11-2013T13:50:50;www.facebook.com
0157;18-11-2013T13:50:52;www.facebook.com
0157;18-11-2013T13:51:02;s-static.ak.facebook.com
0157;18-11-2013T13:51:05;www.facebook.com
0157;18-11-2013T13:51:33;twitter.com
0157;18-11-2013T13:53:08;s-static.ak.facebook.com
0157;18-11-2013T13:53:12;www.facebook.com
0157;18-11-2013T13:53:28;ajax.googleapis.com
0157;18-11-2013T13:53:32;accounts.google.com
0157;18-11-2013T13:53:41;twitter.com
0157;18-11-2013T13:53:44;www.google.fr
0157;18-11-2013T13:53:57;apis.google.com
0157;18-11-2013T14:01:57;www.google.com
0157;18-11-2013T14:02:02;www.google.fr
0157;18-11-2013T14:13:12;www.google.com
0157;18-11-2013T14:13:42;www.google.fr
0157;18-11-2013T14:20:12;github.global.ssl.fastly.net
0157;18-11-2013T14:20:13;github.global.ssl.fastly.net
0157;18-11-2013T14:20:14;github.global.ssl.fastly.net
0157;18-11-2013T14:20:15;github.global.ssl.fastly.net
0157;18-11-2013T14:20:18;github.com
0157;18-11-2013T14:21:59;1.gravatar.com
0157;18-11-2013T14:45:33;github.global.ssl.fastly.net
0157;18-11-2013T14:45:34;github.com
0157;18-11-2013T14:46:38;github.com
0157;18-11-2013T14:47:18;1.gravatar.com
0157;18-11-2013T16:53:59;armmf.adobe.com
0157;18-11-2013T17:03:00;javadl-esd-secure.oracle.com
0157;18-11-2013T17:05:56;javadl-esd-secure.oracle.com
0157;18-11-2013T19:00:13;javadl-esd-secure.oracle.com
0157;18-11-2013T19:01:46;javadl-esd-secure.oracle.com
0157;18-11-2013T22:45:48;javadl-esd-secure.oracle.com
0157;18-11-2013T22:49:34;javadl-esd-secure.oracle.com
0157;18-11-2013T23:42:10;chatenabled.mail.google.com
0157;18-11-2013T23:42:10;plus.google.com
0157;18-11-2013T23:42:10;apis.google.com
0157;18-11-2013T23:42:10;www.google.com
0157;18-11-2013T23:42:10;clients2.google.com
0157;18-11-2013T23:42:10;mail.google.com
0157;18-11-2013T23:42:10;accounts.google.com
0157;19-11-2013T18:25:12;gtssl-ocsp.geotrust.com
0157;19-11-2013T18:26:12;gtssl-ocsp.geotrust.com
0157;19-11-2013T18:26:31;clients1.google.com
0157;19-11-2013T18:26:31;gtglobal-ocsp.geotrust.com
0157;19-11-2013T18:26:32;clients1.google.com
0157;19-11-2013T18:27:57;www.google.fr
0157;19-11-2013T18:27:58;www.google.fr
0157;19-11-2013T18:27:58;clients1.google.com
0157;19-11-2013T18:27:58;ocsp.tcs.terena.org
0157;19-11-2013T18:27:58;ocsp.usertrust.com
0157;19-11-2013T18:28:55;safebrowsing.clients.google.com
0157;19-11-2013T18:28:55;safebrowsing-cache.google.com
0157;19-11-2013T18:28:56;safebrowsing-cache.google.com
0157;19-11-2013T18:31:09;ocsp.verisign.com
0157;19-11-2013T18:33:09;ocsp.thawte.com
0157;19-11-2013T18:24:44;javadl-esd-secure.oracle.com
0157;19-11-2013T18:25:00;javadl-esd-secure.oracle.com
0157;19-11-2013T18:29:28;plus.google.com
0157;19-11-2013T18:29:28;id.google.fr
0157;19-11-2013T18:29:28;apis.google.com
0157;19-11-2013T18:29:28;www.google.com
0157;19-11-2013T18:29:29;www.google.fr
0157;20-11-2013T16:52:09;safebrowsing.clients.google.com
0157;20-11-2013T16:52:09;safebrowsing-cache.google.com
0157;20-11-2013T16:52:10;safebrowsing-cache.google.com
0157;20-11-2013T16:53:10;ocsp.digicert.com
0157;20-11-2013T16:53:16;clients1.google.com
0157;20-11-2013T16:53:16;gtglobal-ocsp.geotrust.com
0157;20-11-2013T16:53:17;clients1.google.com
0157;20-11-2013T16:53:21;www.google.fr
0157;20-11-2013T16:53:21;clients1.google.com
0157;20-11-2013T16:53:21;ocsp.tcs.terena.org
0157;20-11-2013T16:53:22;ocsp.usertrust.com
0157;20-11-2013T18:44:55;gtssl-ocsp.geotrust.com
0157;20-11-2013T18:45:13;gmail.com
0157;20-11-2013T18:45:14;mail.google.com
0157;20-11-2013T18:45:14;clients1.google.com
0157;20-11-2013T18:45:14;gtglobal-ocsp.geotrust.com
0157;20-11-2013T18:45:21;clients1.google.com
0157;20-11-2013T18:45:22;clients1.google.com
0157;20-11-2013T18:45:25;clients1.google.com
0157;20-11-2013T18:45:56;www.google.fr
0157;20-11-2013T18:45:56;gtssl-ocsp.geotrust.com
0157;20-11-2013T18:45:56;ocsp.tcs.terena.org
0157;20-11-2013T18:45:56;clients1.google.com
0157;20-11-2013T18:45:56;ocsp.usertrust.com
0157;20-11-2013T18:46:18;safebrowsing.clients.google.com
0157;20-11-2013T18:46:18;safebrowsing-cache.google.com
0157;20-11-2013T18:46:19;safebrowsing-cache.google.com
0157;20-11-2013T18:48:53;ocsp.thawte.com
0157;20-11-2013T19:16:22;safebrowsing.clients.google.com
0157;20-11-2013T19:16:22;safebrowsing-cache.google.com
0157;20-11-2013T19:46:29;safebrowsing.clients.google.com
0157;20-11-2013T19:46:29;safebrowsing-cache.google.com
0157;20-11-2013T19:46:30;safebrowsing-cache.google.com
0157;20-11-2013T19:50:53;ocsp.verisign.com
0157;20-11-2013T20:14:47;safebrowsing.clients.google.com
0157;20-11-2013T20:14:47;safebrowsing-cache.google.com
0157;20-11-2013T20:43:15;safebrowsing.clients.google.com
0157;20-11-2013T20:43:16;safebrowsing-cache.google.com
0157;20-11-2013T21:11:22;safebrowsing.clients.google.com
0157;20-11-2013T21:11:23;safebrowsing-cache.google.com
0157;20-11-2013T21:40:14;safebrowsing.clients.google.com
0157;20-11-2013T21:40:14;safebrowsing-cache.google.com
0157;20-11-2013T22:12:14;safebrowsing.clients.google.com
0157;20-11-2013T22:12:14;safebrowsing-cache.google.com
0157;20-11-2013T22:12:15;safebrowsing-cache.google.com
0157;20-11-2013T23:12:38;safebrowsing.clients.google.com
0157;20-11-2013T23:12:39;safebrowsing-cache.google.com
0157;20-11-2013T23:12:40;safebrowsing-cache.google.com
0157;20-11-2013T23:17:13;clients1.google.com
0157;20-11-2013T23:17:13;gtglobal-ocsp.geotrust.com
0157;20-11-2013T23:17:14;clients1.google.com
0157;20-11-2013T23:17:18;www.google.fr
0157;20-11-2013T23:17:18;clients1.google.com
0157;20-11-2013T23:17:18;ocsp.tcs.terena.org
0157;20-11-2013T23:17:19;ocsp.usertrust.com
0157;20-11-2013T23:39:29;www.google.fr
0157;20-11-2013T23:39:29;www.lefigaro.fr
0157;20-11-2013T23:39:29;assets5.lefigaro.fr
0157;20-11-2013T23:39:29;plus.lefigaro.fr
0157;20-11-2013T23:39:29;assets3.lefigaro.fr
0157;20-11-2013T23:39:29;assets2.lefigaro.fr
0157;20-11-2013T23:39:30;assets4.lefigaro.fr
0157;20-11-2013T23:39:30;plus.lefigaro.fr
0157;20-11-2013T23:39:30;www.lefigaro.fr
0157;20-11-2013T23:39:30;assets6.lefigaro.fr
0157;20-11-2013T23:39:30;assets5.lefigaro.fr
0157;20-11-2013T23:39:30;api.fidji.lefigaro.fr
0157;20-11-2013T23:39:30;connect.facebook.net
0157;20-11-2013T23:39:30;ajax.googleapis.com
0157;20-11-2013T23:39:30;assets-data.lefigaro.fr
0157;20-11-2013T23:39:30;assets1.lefigaro.fr
0157;20-11-2013T23:39:30;assets3.lefigaro.fr
0157;20-11-2013T23:39:31;assets-data.lefigaro.fr
0157;20-11-2013T23:39:31;api.fidji.lefigaro.fr
0157;20-11-2013T23:39:31;videosfr.s3.amazonaws.com
0157;20-11-2013T23:39:31;assets5.lefigaro.fr
0157;20-11-2013T23:39:31;www.lefigaro.fr
0157;20-11-2013T23:39:31;assets4.lefigaro.fr
0157;20-11-2013T23:39:32;www.facebook.com
0157;20-11-2013T23:39:32;static.ak.facebook.com
0157;20-11-2013T23:39:32;www.lefigaro.fr
0157;20-11-2013T23:39:32;plus.lefigaro.fr
0157;20-11-2013T23:39:32;www.youtube.com
0157;20-11-2013T23:39:32;www.dailymotion.com
0157;20-11-2013T23:39:32;s.ytimg.com
0157;20-11-2013T23:39:32;assets4.lefigaro.fr
0157;20-11-2013T23:39:32;ajax.googleapis.com
0157;20-11-2013T23:39:32;assets-pub.lefigaro.fr
0157;20-11-2013T23:39:33;www.lefigaro.fr
0157;20-11-2013T23:39:33;s.ytimg.com
0157;20-11-2013T23:39:33;assets5.lefigaro.fr
0157;20-11-2013T23:39:34;www.youtube.com
0157;20-11-2013T23:39:34;s.ytimg.com
0157;20-11-2013T23:39:34;i1.ytimg.com
0157;20-11-2013T23:39:35;www.youtube.com
0157;20-11-2013T23:39:35;i1.ytimg.com
0157;20-11-2013T23:39:35;assets5.lefigaro.fr
0157;20-11-2013T23:39:35;www.lefigaro.fr
0157;20-11-2013T23:39:35;plus.lefigaro.fr
0157;20-11-2013T23:39:35;api.fidji.lefigaro.fr
0157;20-11-2013T23:39:35;www.beead.fr
0157;20-11-2013T23:39:36;i1.ytimg.com
0157;20-11-2013T23:39:36;www.lefigaro.fr
0157;20-11-2013T23:39:36;lefigaro.fr
0157;20-11-2013T23:39:36;assets5.lefigaro.fr
0157;20-11-2013T23:39:36;platform.linkedin.com
0157;20-11-2013T23:39:36;www.facebook.com
0157;20-11-2013T23:39:36;www.youtube.com
0157;20-11-2013T23:39:36;www.dailymotion.com
0157;20-11-2013T23:39:36;ocsp.verisign.com
0157;20-11-2013T23:39:37;www.linkedin.com
0157;20-11-2013T23:39:38;platform.twitter.com
0157;20-11-2013T23:39:38;clients1.google.com
0157;20-11-2013T23:39:39;www.youtube.com
0157;20-11-2013T23:39:40;www.youtube.com
0157;20-11-2013T23:39:40;evsecure-ocsp.verisign.com
0157;20-11-2013T23:39:41;evsecure-ocsp.verisign.com
0157;20-11-2013T23:39:44;i1-js-14-3-01-10036-255048808-i.init.cedexis-radar.net
0157;20-11-2013T23:39:44;www.linkedin.com
0157;20-11-2013T23:40:03;dl.patchbeam.com
0157;20-11-2013T23:40:24;dl.patchbeam.com
0157;20-11-2013T23:40:24;www.powerarchiver.com
0157;20-11-2013T23:40:53;safebrowsing.clients.google.com
0157;20-11-2013T23:40:53;safebrowsing-cache.google.com
0157;20-11-2013T23:40:54;safebrowsing-cache.google.com
0157;20-11-2013T23:44:24;www.google.fr
0157;20-11-2013T23:44:25;ajax.googleapis.com
0157;20-11-2013T23:44:25;stackoverflow.com
0157;20-11-2013T23:44:25;ocsp.godaddy.com
0157;20-11-2013T23:44:25;cdn-careers.sstatic.net
0157;20-11-2013T23:44:26;cdn-careers.sstatic.net
0157;20-11-2013T23:44:26;stackoverflow.com
0157;20-11-2013T23:44:26;careers.stackoverflow.com
0157;20-11-2013T23:44:26;ocsp.digicert.com
0157;20-11-2013T23:44:26;ocsp.thawte.com
0157;20-11-2013T23:44:27;www.google.fr
0157;20-11-2013T23:44:29;www.coderanch.com
0157;20-11-2013T23:44:29;cache-www.coderanch.com
0157;20-11-2013T23:44:30;www.coderanch.com
0157;20-11-2013T23:47:39;www.google.fr
0157;20-11-2013T23:47:42;www.bullraider.com
0157;20-11-2013T23:47:42;bullraider.com
0157;20-11-2013T23:47:43;www.bullraider.com
0157;20-11-2013T23:47:44;www.bullraider.com
0157;20-11-2013T23:47:44;cdn1.developermedia.com
0157;20-11-2013T23:47:45;www.google.com
0157;20-11-2013T23:47:45;www.bullraider.com
0157;20-11-2013T23:47:45;clients1.google.com
0157;20-11-2013T23:47:45;bullraider.com
0157;20-11-2013T23:47:45;apps.developermedia.com
0157;20-11-2013T23:47:46;www.bullraider.com
0157;20-11-2013T23:47:46;apps.developermedia.com
0157;20-11-2013T23:47:46;www.gravatar.com
0157;20-11-2013T23:57:03;www.google.fr
0157;20-11-2013T23:57:03;dl.irpdf.com
0157;20-11-2013T23:57:04;dl.irpdf.com
0157;20-11-2013T23:57:04;www.irpdf.com
0157;20-11-2013T23:57:32;dl.irpdf.com
0157;20-11-2013T23:57:46;www.google.fr
0157;20-11-2013T23:57:47;www.education.gouv.fr
0157;20-11-2013T23:57:47;cache.media.education.gouv.fr
0157;20-11-2013T23:57:47;media.education.gouv.fr
0157;20-11-2013T23:57:48;cache.media.education.gouv.fr
0157;20-11-2013T23:57:48;media.education.gouv.fr
0157;20-11-2013T16:35:36;javadl-esd-secure.oracle.com
0157;20-11-2013T16:47:34;javadl-esd-secure.oracle.com
0157;20-11-2013T16:54:25;id.google.fr
0157;20-11-2013T16:54:25;www.google.com
0157;20-11-2013T16:54:26;www.google.fr
0157;20-11-2013T16:54:27;plus.google.com
0157;20-11-2013T16:54:27;apis.google.com
0157;20-11-2013T18:39:05;javadl-esd-secure.oracle.com
0157;20-11-2013T18:48:18;clients2.google.com
0157;20-11-2013T18:48:19;accounts.google.com
0157;20-11-2013T18:48:21;chatenabled.mail.google.com
0157;20-11-2013T18:48:24;apis.google.com
0157;20-11-2013T18:48:48;mail.google.com
0157;20-11-2013T18:48:49;plus.google.com
0157;20-11-2013T18:48:49;www.google.com
0157;20-11-2013T18:48:49;www.google.fr
0157;20-11-2013T18:49:19;javadl-esd-secure.oracle.com
0157;20-11-2013T18:53:40;javadl-esd-secure.oracle.com
0157;20-11-2013T23:13:51;javadl-esd-secure.oracle.com
0157;20-11-2013T23:17:17;javadl-esd-secure.oracle.com
0157;20-11-2013T23:20:10;apis.google.com
0157;20-11-2013T23:20:10;plus.google.com
0157;20-11-2013T23:20:11;www.google.com
0157;20-11-2013T23:20:11;www.google.fr
0157;20-11-2013T23:39:32;s-static.ak.facebook.com
0157;20-11-2013T23:39:41;www.facebook.com
0157;20-11-2013T23:40:11;twitter.com
0157;20-11-2013T23:41:33;platform.twitter.com
0157;20-11-2013T23:42:18;plus.google.com
0157;20-11-2013T23:42:18;www.google.com
0157;20-11-2013T23:42:23;www.google.fr
0157;20-11-2013T23:42:24;ajax.googleapis.com
0157;20-11-2013T23:42:32;apis.google.com
0157;20-11-2013T23:42:33;accounts.google.com
0157;20-11-2013T23:44:41;stackauth.com
0157;20-11-2013T23:46:19;plus.google.com
0157;20-11-2013T23:46:19;id.google.fr
0157;20-11-2013T23:46:19;www.google.com
0157;20-11-2013T23:46:20;www.gravatar.com
0157;20-11-2013T23:46:21;www.gravatar.com
0157;20-11-2013T23:47:10;www.google.fr
0157;20-11-2013T23:47:24;ajax.googleapis.com
0157;20-11-2013T23:47:46;www.facebook.com
0157;20-11-2013T23:57:24;plus.google.com
0157;21-11-2013T13:39:01;www.bing.com
0157;21-11-2013T13:39:02;www.bing.com
0157;21-11-2013T13:39:02;cms.abmr.net
0157;21-11-2013T13:39:03;www.bing.com
0157;21-11-2013T13:39:04;www.bing.com
0157;21-11-2013T13:39:32;www.bing.com
0157;21-11-2013T13:40:00;www.bing.com
0157;21-11-2013T13:40:34;www.bing.com
0157;21-11-2013T13:40:35;www.jobaviz.fr
0157;21-11-2013T13:40:36;www.jobaviz.fr
0157;21-11-2013T13:40:43;www.jobaviz.fr
0157;21-11-2013T13:40:44;www.jobaviz.fr
0157;21-11-2013T13:40:44;maps.google.com
0157;21-11-2013T13:40:44;maps.googleapis.com
0157;21-11-2013T13:40:45;mt0.googleapis.com
0157;21-11-2013T13:40:45;mt1.googleapis.com
0157;21-11-2013T13:40:45;maps.googleapis.com
0157;21-11-2013T13:40:46;mt0.googleapis.com
0157;21-11-2013T13:40:46;www.jobaviz.fr
0157;21-11-2013T13:40:46;maps.googleapis.com
0157;21-11-2013T13:40:51;maps.googleapis.com
0157;21-11-2013T13:41:06;www.jobaviz.fr
0157;21-11-2013T13:41:06;mt0.googleapis.com
0157;21-11-2013T13:41:06;mt1.googleapis.com
0157;21-11-2013T13:41:06;maps.googleapis.com
0157;21-11-2013T13:41:07;mt0.googleapis.com
0157;21-11-2013T13:41:07;mt1.googleapis.com
0157;21-11-2013T13:41:07;maps.googleapis.com
0157;21-11-2013T13:41:08;mt1.googleapis.com
0157;21-11-2013T13:41:08;mt0.googleapis.com
0157;21-11-2013T13:41:08;www.jobaviz.fr
0157;21-11-2013T13:41:08;maps.googleapis.com
0157;21-11-2013T13:41:09;maps.googleapis.com
0157;21-11-2013T13:41:09;mt1.googleapis.com
0157;21-11-2013T13:41:09;mt0.googleapis.com
0157;21-11-2013T13:41:09;www.jobaviz.fr
0157;21-11-2013T13:41:10;mt1.googleapis.com
0157;21-11-2013T13:41:10;www.jobaviz.fr
0157;21-11-2013T13:41:10;mt0.googleapis.com
0157;21-11-2013T13:41:10;maps.googleapis.com
0157;21-11-2013T13:41:11;maps.googleapis.com
0157;21-11-2013T13:41:11;mt0.googleapis.com
0157;21-11-2013T13:41:11;www.jobaviz.fr
0157;21-11-2013T13:41:12;www.jobaviz.fr
0157;21-11-2013T13:41:12;mt0.googleapis.com
0157;21-11-2013T13:41:12;mt1.googleapis.com
0157;21-11-2013T13:41:12;maps.googleapis.com
0157;21-11-2013T13:41:13;mt0.googleapis.com
0157;21-11-2013T13:41:13;mt1.googleapis.com
0157;21-11-2013T13:41:13;www.jobaviz.fr
0157;21-11-2013T13:41:13;maps.googleapis.com
0157;21-11-2013T13:41:14;www.jobaviz.fr
0157;21-11-2013T13:41:14;maps.googleapis.com
0157;21-11-2013T13:41:15;www.jobaviz.fr
0157;21-11-2013T13:41:16;maps.googleapis.com
0157;21-11-2013T13:41:17;www.jobaviz.fr
0157;21-11-2013T13:41:18;www.jobaviz.fr
0157;21-11-2013T13:41:18;maps.googleapis.com
0157;21-11-2013T13:41:20;www.jobaviz.fr
0157;21-11-2013T13:41:20;maps.google.com
0157;21-11-2013T13:41:20;maps.googleapis.com
0157;21-11-2013T13:41:21;mt0.googleapis.com
0157;21-11-2013T13:41:21;mt1.googleapis.com
0157;21-11-2013T13:41:21;maps.googleapis.com
0157;21-11-2013T13:41:22;www.jobaviz.fr
0157;21-11-2013T13:41:22;maps.googleapis.com
0157;21-11-2013T13:41:26;maps.googleapis.com
0157;21-11-2013T13:42:08;mt0.googleapis.com
0157;21-11-2013T13:42:08;maps.googleapis.com
0157;21-11-2013T13:42:09;maps.googleapis.com
0157;21-11-2013T13:42:09;mt1.googleapis.com
0157;21-11-2013T13:42:10;mt0.googleapis.com
0157;21-11-2013T13:42:10;maps.googleapis.com
0157;21-11-2013T13:42:10;mt1.googleapis.com
0157;21-11-2013T13:42:11;maps.googleapis.com
0157;21-11-2013T13:42:11;mt0.googleapis.com
0157;21-11-2013T13:42:12;maps.googleapis.com
0157;21-11-2013T13:42:13;maps.googleapis.com
0157;21-11-2013T13:42:19;javadl-esd.sun.com
0157;21-11-2013T14:55:38;www.bing.com
0157;21-11-2013T14:55:40;www.bing.com
0157;21-11-2013T14:57:44;www.bing.com
0157;21-11-2013T14:57:47;www.bing.com
0157;21-11-2013T15:15:04;api.bing.com
0157;21-11-2013T15:15:05;api.bing.com
0157;21-11-2013T15:15:06;api.bing.com
0157;21-11-2013T15:15:07;api.bing.com
0157;21-11-2013T15:15:08;www.bing.com
0157;21-11-2013T15:15:09;www.bing.com
0157;21-11-2013T15:15:11;www.bing.com
0157;21-11-2013T15:15:13;www.r-project.org
0157;21-11-2013T15:15:29;www.r-project.org
0157;21-11-2013T15:15:40;www.r-project.org
0157;21-11-2013T15:15:50;www.r-project.org
0157;21-11-2013T15:15:51;www.r-project.org
0157;21-11-2013T17:16:20;armmf.adobe.com
0157;21-11-2013T17:16:22;armdl.adobe.com
0157;21-11-2013T13:39:17;login.live.com
0157;21-11-2013T13:39:46;login.live.com
0157;21-11-2013T13:40:00;ssl.bing.com
0157;21-11-2013T13:40:35;ssl.bing.com
0157;21-11-2013T14:55:40;login.live.com
0157;21-11-2013T14:57:58;login.live.com
0157;21-11-2013T14:58:02;www.google.com
0157;21-11-2013T14:58:03;www.google.com
0157;21-11-2013T14:58:07;real-debrid.com
0157;21-11-2013T14:58:15;real-debrid.com
0157;21-11-2013T14:58:17;www.google.com
0157;21-11-2013T14:59:27;www.google.com
0157;21-11-2013T14:59:35;real-debrid.com
0157;21-11-2013T15:15:22;login.live.com
0157;21-11-2013T17:16:18;armmf.adobe.com
0157;21-11-2013T17:21:09;javadl-esd-secure.oracle.com
0157;21-11-2013T17:22:59;javadl-esd-secure.oracle.com
0157;24-11-2013T12:57:59;gtssl-ocsp.geotrust.com
0157;24-11-2013T12:58:58;gtssl-ocsp.geotrust.com
0157;24-11-2013T13:02:30;safebrowsing.clients.google.com
0157;24-11-2013T13:02:30;safebrowsing-cache.google.com
0157;24-11-2013T13:02:31;safebrowsing-cache.google.com
0157;24-11-2013T13:24:54;clients1.google.com
0157;24-11-2013T13:24:54;gtglobal-ocsp.geotrust.com
0157;24-11-2013T13:24:55;clients1.google.com
0157;24-11-2013T13:24:57;www.google.fr
0157;24-11-2013T13:24:57;ocsp.tcs.terena.org
0157;24-11-2013T13:24:57;clients1.google.com
0157;24-11-2013T13:24:57;ocsp.usertrust.com
0157;24-11-2013T13:32:28;safebrowsing.clients.google.com
0157;24-11-2013T13:32:28;safebrowsing-cache.google.com
0157;24-11-2013T14:00:45;safebrowsing.clients.google.com
0157;24-11-2013T14:00:45;safebrowsing-cache.google.com
0157;24-11-2013T14:01:57;ocsp.thawte.com
0157;24-11-2013T14:03:57;ocsp.digicert.com
0157;24-11-2013T14:05:58;ocsp.verisign.com
0157;24-11-2013T14:15:28;download.eclipse.org
0157;24-11-2013T14:15:29;download.eclipse.org
0157;24-11-2013T14:15:29;jope.ow2.org
0157;24-11-2013T14:15:31;master.dl.sourceforge.net
0157;24-11-2013T14:15:32;optimate.dl.sourceforge.net
0157;24-11-2013T14:15:32;www.apache.org
0157;24-11-2013T14:15:33;download.jboss.org
0157;24-11-2013T14:15:34;download.jboss.org
0157;24-11-2013T14:15:34;www.apache.org
0157;24-11-2013T14:15:34;heanet.dl.sourceforge.net
0157;24-11-2013T14:15:34;public.dhe.ibm.com
0157;24-11-2013T14:15:34;download.oracle.com
0157;24-11-2013T14:15:35;public.dhe.ibm.com
0157;24-11-2013T14:15:35;netcologne.dl.sourceforge.net
0157;24-11-2013T14:15:35;www.caucho.com
0157;24-11-2013T14:15:35;download.jboss.org
0157;24-11-2013T14:15:35;heanet.dl.sourceforge.net
0157;24-11-2013T14:15:35;www.webtide.com
0157;24-11-2013T14:15:35;download.oracle.com
0157;24-11-2013T14:15:36;public.dhe.ibm.com
0157;24-11-2013T14:15:36;download.oracle.com
0157;24-11-2013T14:15:36;download.jboss.org
0157;24-11-2013T14:15:36;www.webtide.com
0157;24-11-2013T14:15:36;heanet.dl.sourceforge.net
0157;24-11-2013T14:15:37;public.dhe.ibm.com
0157;24-11-2013T14:15:37;freefr.dl.sourceforge.net
0157;24-11-2013T14:15:37;www.webtide.com
0157;24-11-2013T14:15:37;download.jboss.org
0157;24-11-2013T14:15:38;optimate.dl.sourceforge.net
0157;24-11-2013T14:15:38;download.jboss.org
0157;24-11-2013T14:15:38;public.dhe.ibm.com
0157;24-11-2013T14:15:38;www.webtide.com
0157;24-11-2013T14:15:39;public.dhe.ibm.com
0157;24-11-2013T14:15:40;public.dhe.ibm.com
0157;24-11-2013T14:15:41;public.dhe.ibm.com
0157;24-11-2013T14:15:42;public.dhe.ibm.com
0157;24-11-2013T14:15:43;public.dhe.ibm.com
0157;24-11-2013T14:15:50;www.apache.org
0157;24-11-2013T14:15:51;www.apache.org
0157;24-11-2013T14:16:11;www.apache.org
0157;24-11-2013T14:16:12;www.apache.org
0157;24-11-2013T14:16:14;www.apache.org
0157;24-11-2013T14:16:15;www.apache.org
0157;24-11-2013T14:16:31;www.apache.org
0157;24-11-2013T14:16:32;www.apache.org
0157;24-11-2013T14:16:33;www.apache.org
0157;24-11-2013T14:16:34;www.apache.org
0157;24-11-2013T14:16:35;www.apache.org
0157;24-11-2013T14:16:35;download.oracle.com
0157;24-11-2013T14:16:36;www.apache.org
0157;24-11-2013T14:16:37;www.apache.org
0157;24-11-2013T14:17:00;download.oracle.com
0157;24-11-2013T14:17:01;download.oracle.com
0157;24-11-2013T14:29:44;safebrowsing.clients.google.com
0157;24-11-2013T14:29:44;safebrowsing-cache.google.com
0157;24-11-2013T14:31:58;gmail.com
0157;24-11-2013T14:31:58;mail.google.com
0157;24-11-2013T14:31:58;clients1.google.com
0157;24-11-2013T14:31:59;gtglobal-ocsp.geotrust.com
0157;24-11-2013T14:31:59;clients1.google.com
0157;24-11-2013T14:32:04;clients1.google.com
0157;24-11-2013T14:32:06;clients1.google.com
0157;24-11-2013T14:46:26;glassfish.org
0157;24-11-2013T14:46:27;glassfish.java.net
0157;24-11-2013T14:58:26;safebrowsing.clients.google.com
0157;24-11-2013T14:58:26;safebrowsing-cache.google.com
0157;24-11-2013T15:04:03;mail.google.com
0157;24-11-2013T15:22:11;glassfish.org
0157;24-11-2013T15:22:11;glassfish.java.net
0157;24-11-2013T15:27:30;safebrowsing.clients.google.com
0157;24-11-2013T15:27:30;safebrowsing-cache.google.com
0157;24-11-2013T15:27:31;safebrowsing-cache.google.com
0157;24-11-2013T15:59:16;safebrowsing.clients.google.com
0157;24-11-2013T15:59:16;safebrowsing-cache.google.com
0157;24-11-2013T16:21:37;docs.oracle.com
0157;24-11-2013T16:28:18;safebrowsing.clients.google.com
0157;24-11-2013T16:28:18;safebrowsing-cache.google.com
0157;24-11-2013T16:30:24;docs.oracle.com
0157;24-11-2013T16:55:31;clients1.google.com
0157;24-11-2013T16:55:31;gtglobal-ocsp.geotrust.com
0157;24-11-2013T16:55:42;www.google.fr
0157;24-11-2013T16:55:42;forum.hardware.fr
0157;24-11-2013T16:55:42;forum-images.hardware.fr
0157;24-11-2013T16:55:43;forum-images.hardware.fr
0157;24-11-2013T16:55:43;wtpn.twenga.fr
0157;24-11-2013T16:55:44;fr.primary.affinitad.com
0157;24-11-2013T16:55:44;wtpn.twenga.fr
0157;24-11-2013T16:55:44;rbx-cdn-tpn.c4tw.net
0157;24-11-2013T16:55:44;forum.hardware.fr
0157;24-11-2013T16:55:44;i11.twenga.com
0157;24-11-2013T16:55:44;i10.twenga.com
0157;24-11-2013T16:58:49;safebrowsing.clients.google.com
0157;24-11-2013T16:58:49;safebrowsing-cache.google.com
0157;24-11-2013T17:10:50;mail.google.com
0157;24-11-2013T17:10:52;clients1.google.com
0157;24-11-2013T12:51:52;javadl-esd-secure.oracle.com
0157;24-11-2013T12:57:54;javadl-esd-secure.oracle.com
0157;24-11-2013T13:27:51;id.google.fr
0157;24-11-2013T13:27:51;www.google.com
0157;24-11-2013T13:27:51;www.google.fr
0157;24-11-2013T13:27:52;apis.google.com
0157;24-11-2013T13:27:52;plus.google.com
0157;24-11-2013T14:35:00;clients2.google.com
0157;24-11-2013T14:35:00;www.google.com
0157;24-11-2013T14:35:01;chatenabled.mail.google.com
0157;24-11-2013T14:35:01;plus.google.com
0157;24-11-2013T14:35:01;accounts.google.com
0157;24-11-2013T14:36:08;apis.google.com
0157;24-11-2013T14:39:19;plus.google.com
0157;24-11-2013T14:39:27;mail.google.com
0157;24-11-2013T15:06:59;accounts.google.com
0157;24-11-2013T15:07:04;clients2.google.com
0157;24-11-2013T15:07:04;www.google.com
0157;24-11-2013T15:07:04;chatenabled.mail.google.com
0157;24-11-2013T15:09:17;apis.google.com
0157;24-11-2013T15:10:17;plus.google.com
0157;24-11-2013T15:10:23;mail.google.com
0157;24-11-2013T16:58:27;www.google.com
0157;24-11-2013T16:58:28;plus.google.com
0157;24-11-2013T16:58:28;www.google.fr
0157;24-11-2013T17:12:45;clients6.google.com
0157;24-11-2013T17:12:45;chatenabled.mail.google.com
0157;24-11-2013T17:12:45;apis.google.com
0157;24-11-2013T17:12:45;clients2.google.com
0157;24-11-2013T17:12:45;www.google.com
0157;24-11-2013T17:12:45;mail.google.com
0157;24-11-2013T17:12:45;accounts.google.com
0157;24-11-2013T17:12:45;plus.google.com
0157;25-11-2013T13:36:39;clients1.google.com
0157;25-11-2013T13:36:40;gtglobal-ocsp.geotrust.com
0157;25-11-2013T13:36:41;safebrowsing.clients.google.com
0157;25-11-2013T13:36:48;safebrowsing-cache.google.com
0157;25-11-2013T13:36:53;www.google.fr
0157;25-11-2013T13:36:58;ocsp.tcs.terena.org
0157;25-11-2013T13:36:58;clients1.google.com
0157;25-11-2013T13:36:59;ocsp.usertrust.com
0157;25-11-2013T13:37:02;clients1.google.com
0157;25-11-2013T13:38:06;gmail.com
0157;25-11-2013T13:38:07;mail.google.com
0157;25-11-2013T13:38:08;clients1.google.com
0157;25-11-2013T13:38:48;safebrowsing-cache.google.com
0157;25-11-2013T13:40:26;safebrowsing-cache.google.com
0157;25-11-2013T13:40:56;safebrowsing-cache.google.com
0157;25-11-2013T13:41:03;safebrowsing-cache.google.com
0157;25-11-2013T13:41:26;ocsp.thawte.com
0157;25-11-2013T13:41:49;safebrowsing-cache.google.com
0157;25-11-2013T13:41:53;safebrowsing-cache.google.com
0157;25-11-2013T13:41:57;safebrowsing-cache.google.com
0157;25-11-2013T13:42:19;clients1.google.com
0157;25-11-2013T13:42:20;safebrowsing-cache.google.com
0157;25-11-2013T13:42:29;clients1.google.com
0157;25-11-2013T13:42:54;safebrowsing-cache.google.com
0157;25-11-2013T13:43:00;safebrowsing-cache.google.com
0157;25-11-2013T13:43:01;gtssl-ocsp.geotrust.com
0157;25-11-2013T13:43:03;safebrowsing-cache.google.com
0157;25-11-2013T13:43:04;safebrowsing-cache.google.com
0157;25-11-2013T13:43:06;safebrowsing-cache.google.com
0157;25-11-2013T13:43:07;safebrowsing-cache.google.com
0157;25-11-2013T13:43:09;safebrowsing-cache.google.com
0157;25-11-2013T13:43:11;safebrowsing-cache.google.com
0157;25-11-2013T13:43:26;ocsp.verisign.com
0157;25-11-2013T13:45:26;ocsp.digicert.com
0157;25-11-2013T13:58:37;google.fr
0157;25-11-2013T13:58:38;www.google.fr
0157;25-11-2013T13:58:58;www.google.fr
0157;25-11-2013T13:59:54;clients1.google.com
0157;25-11-2013T13:59:54;gtglobal-ocsp.geotrust.com
0157;25-11-2013T13:59:56;clients1.google.com
0157;25-11-2013T14:00:15;ocsp.thawte.com
0157;25-11-2013T14:00:27;www.google.fr
0157;25-11-2013T14:00:28;ocsp.tcs.terena.org
0157;25-11-2013T14:00:28;clients1.google.com
0157;25-11-2013T14:00:28;ocsp.usertrust.com
0157;25-11-2013T14:00:29;clients1.google.com
0157;25-11-2013T14:02:16;ocsp.verisign.com
0157;25-11-2013T14:02:17;ocsp.thawte.com
0157;25-11-2013T14:03:00;ocsp.digicert.com
0157;25-11-2013T14:03:01;ocsp.godaddy.com
0157;25-11-2013T14:03:02;clients1.google.com
0157;25-11-2013T14:03:02;ocsp.digicert.com
0157;25-11-2013T14:03:03;ocsp.digicert.com
0157;25-11-2013T14:04:15;ocsp.digicert.com
0157;25-11-2013T14:04:47;ocsp.digicert.com
0157;25-11-2013T14:07:32;docs.codehaus.org
0157;25-11-2013T14:07:33;docs.codehaus.org
0157;25-11-2013T14:07:33;i.creativecommons.org
0157;25-11-2013T14:07:34;docs.codehaus.org
0157;25-11-2013T14:07:36;docs.codehaus.org
0157;25-11-2013T14:07:38;docs.codehaus.org
0157;25-11-2013T14:07:39;docs.codehaus.org
0157;25-11-2013T14:07:40;docs.codehaus.org
0157;25-11-2013T14:07:58;docs.codehaus.org
0157;25-11-2013T14:08:18;docs.codehaus.org
0157;25-11-2013T14:08:38;docs.codehaus.org
0157;25-11-2013T14:08:58;docs.codehaus.org
0157;25-11-2013T14:09:18;docs.codehaus.org
0157;25-11-2013T14:09:38;docs.codehaus.org
0157;25-11-2013T14:09:58;docs.codehaus.org
0157;25-11-2013T14:10:18;docs.codehaus.org
0157;25-11-2013T14:10:38;docs.codehaus.org
0157;25-11-2013T14:10:58;docs.codehaus.org
0157;25-11-2013T14:11:18;docs.codehaus.org
0157;25-11-2013T14:11:38;docs.codehaus.org
0157;25-11-2013T14:11:58;docs.codehaus.org
0157;25-11-2013T14:12:18;docs.codehaus.org
0157;25-11-2013T14:12:38;docs.codehaus.org
0157;25-11-2013T14:12:58;docs.codehaus.org
0157;25-11-2013T14:13:18;docs.codehaus.org
0157;25-11-2013T14:13:38;docs.codehaus.org
0157;25-11-2013T14:13:58;docs.codehaus.org
0157;25-11-2013T14:14:18;docs.codehaus.org
0157;25-11-2013T14:14:39;docs.codehaus.org
0157;25-11-2013T14:14:58;docs.codehaus.org
0157;25-11-2013T14:15:18;docs.codehaus.org
0157;25-11-2013T14:15:38;docs.codehaus.org
0157;25-11-2013T14:15:58;docs.codehaus.org
0157;25-11-2013T14:16:18;docs.codehaus.org
0157;25-11-2013T14:16:38;docs.codehaus.org
0157;25-11-2013T14:16:59;docs.codehaus.org
0157;25-11-2013T14:17:18;docs.codehaus.org
0157;25-11-2013T14:17:38;docs.codehaus.org
0157;25-11-2013T14:17:59;docs.codehaus.org
0157;25-11-2013T14:18:19;docs.codehaus.org
0157;25-11-2013T14:18:39;docs.codehaus.org
0157;25-11-2013T14:18:59;docs.codehaus.org
0157;25-11-2013T14:19:19;docs.codehaus.org
0157;25-11-2013T14:19:39;docs.codehaus.org
0157;25-11-2013T14:19:59;docs.codehaus.org
0157;25-11-2013T14:20:19;docs.codehaus.org
0157;25-11-2013T14:20:39;docs.codehaus.org
0157;25-11-2013T14:20:59;docs.codehaus.org
0157;25-11-2013T14:21:19;docs.codehaus.org
0157;25-11-2013T14:21:39;docs.codehaus.org
0157;25-11-2013T14:21:59;docs.codehaus.org
0157;25-11-2013T14:22:11;www.gmail.com
0157;25-11-2013T14:22:11;mail.google.com
0157;25-11-2013T14:22:11;clients1.google.com
0157;25-11-2013T14:22:12;clients1.google.com
0157;25-11-2013T14:22:19;docs.codehaus.org
0157;25-11-2013T14:22:27;clients1.google.com
0157;25-11-2013T14:22:35;clients1.google.com
0157;25-11-2013T14:22:39;docs.codehaus.org
0157;25-11-2013T14:22:41;clients1.google.com
0157;25-11-2013T14:22:59;docs.codehaus.org
0157;25-11-2013T14:23:19;docs.codehaus.org
0157;25-11-2013T14:23:39;docs.codehaus.org
0157;25-11-2013T14:23:59;docs.codehaus.org
0157;25-11-2013T14:24:19;docs.codehaus.org
0157;25-11-2013T14:24:27;codekata.pragprog.com
0157;25-11-2013T14:24:28;static.typepad.com
0157;25-11-2013T14:24:28;up4.typepad.com
0157;25-11-2013T14:24:32;www.typepad.com
0157;25-11-2013T14:24:32;match.rtbidder.net
0157;25-11-2013T14:24:33;um.simpli.fi
0157;25-11-2013T14:24:33;lijit2waycm.netmng.com
0157;25-11-2013T14:24:33;www.facebook.com
0157;25-11-2013T14:24:33;ce.lijit.com
0157;25-11-2013T14:24:33;casale-match.dotomi.com
0157;25-11-2013T14:24:34;dtm.cabelas.com
0157;25-11-2013T14:24:35;codekata.pragprog.com
0157;25-11-2013T14:24:36;6a.typepad.com
0157;25-11-2013T14:24:39;docs.codehaus.org
0157;25-11-2013T14:24:59;docs.codehaus.org
0157;25-11-2013T14:25:19;docs.codehaus.org
0157;25-11-2013T14:25:39;docs.codehaus.org
0157;25-11-2013T14:26:19;docs.codehaus.org
0157;25-11-2013T14:26:59;docs.codehaus.org
0157;25-11-2013T14:27:40;docs.codehaus.org
0157;25-11-2013T14:28:19;docs.codehaus.org
0157;25-11-2013T14:28:59;docs.codehaus.org
0157;25-11-2013T14:29:39;docs.codehaus.org
0157;25-11-2013T14:30:19;docs.codehaus.org
0157;25-11-2013T14:30:59;docs.codehaus.org
0157;25-11-2013T14:32:00;docs.codehaus.org
0157;25-11-2013T14:32:30;docs.codehaus.org
0157;25-11-2013T14:32:50;docs.codehaus.org
0157;25-11-2013T14:33:21;docs.codehaus.org
0157;25-11-2013T14:33:34;docs.codehaus.org
0157;25-11-2013T14:33:54;docs.codehaus.org
0157;25-11-2013T14:34:14;docs.codehaus.org
0157;25-11-2013T14:35:04;docs.codehaus.org
0157;25-11-2013T14:35:24;docs.codehaus.org
0157;25-11-2013T14:35:44;docs.codehaus.org
0157;25-11-2013T14:36:04;docs.codehaus.org
0157;25-11-2013T14:36:24;docs.codehaus.org
0157;25-11-2013T14:36:48;docs.codehaus.org
0157;25-11-2013T14:37:04;docs.codehaus.org
0157;25-11-2013T14:37:24;docs.codehaus.org
0157;25-11-2013T14:37:44;docs.codehaus.org
0157;25-11-2013T14:38:04;docs.codehaus.org
0157;25-11-2013T14:38:24;docs.codehaus.org
0157;25-11-2013T14:38:44;docs.codehaus.org
0157;25-11-2013T14:39:04;docs.codehaus.org
0157;25-11-2013T14:39:44;docs.codehaus.org
0157;25-11-2013T14:40:24;docs.codehaus.org
0157;25-11-2013T14:41:04;docs.codehaus.org
0157;25-11-2013T14:41:44;docs.codehaus.org
0157;25-11-2013T14:42:24;docs.codehaus.org
0157;25-11-2013T14:43:04;docs.codehaus.org
0157;25-11-2013T14:44:12;docs.codehaus.org
0157;25-11-2013T14:45:01;docs.codehaus.org
0157;25-11-2013T14:45:27;docs.codehaus.org
0157;25-11-2013T14:46:24;docs.codehaus.org
0157;25-11-2013T14:47:24;docs.codehaus.org
0157;25-11-2013T14:48:24;docs.codehaus.org
0157;25-11-2013T14:49:24;docs.codehaus.org
0157;25-11-2013T14:50:44;docs.codehaus.org
0157;25-11-2013T14:52:21;docs.codehaus.org
0157;25-11-2013T14:53:39;docs.codehaus.org
0157;25-11-2013T14:54:59;docs.codehaus.org
0157;25-11-2013T14:56:40;docs.codehaus.org
0157;25-11-2013T14:58:19;docs.codehaus.org
0157;25-11-2013T14:59:59;docs.codehaus.org
0157;25-11-2013T15:01:59;docs.codehaus.org
0157;25-11-2013T15:03:44;docs.codehaus.org
0157;25-11-2013T15:04:04;docs.codehaus.org
0157;25-11-2013T15:04:13;www.amazon.fr
0157;25-11-2013T15:04:14;z-ecx.images-amazon.com
0157;25-11-2013T15:04:14;www.amazon.fr
0157;25-11-2013T15:04:15;z-ecx.images-amazon.com
0157;25-11-2013T15:04:15;ecx.images-amazon.com
0157;25-11-2013T15:04:15;g-ecx.images-amazon.com
0157;25-11-2013T15:04:16;ecx.images-amazon.com
0157;25-11-2013T15:04:16;g-ecx.images-amazon.com
0157;25-11-2013T15:04:17;g-ecx.images-amazon.com
0157;25-11-2013T15:04:18;z-ecx.images-amazon.com
0157;25-11-2013T15:04:18;www.amazon.fr
0157;25-11-2013T15:04:18;g-ecx.images-amazon.com
0157;25-11-2013T15:04:19;z-ecx.images-amazon.com
0157;25-11-2013T15:04:19;g-ecx.images-amazon.com
0157;25-11-2013T15:04:19;www.amazon.fr
0157;25-11-2013T15:04:19;ecx.images-amazon.com
0157;25-11-2013T15:04:19;connect.facebook.net
0157;25-11-2013T15:04:19;ocsp.verisign.com
0157;25-11-2013T15:04:19;static.amazon.fr
0157;25-11-2013T15:04:19;static.ak.facebook.com
0157;25-11-2013T15:04:19;www.facebook.com
0157;25-11-2013T15:04:20;ocsp.verisign.com
0157;25-11-2013T15:04:21;www.amazon.fr
0157;25-11-2013T15:04:21;fls-eu.amazon.fr
0157;25-11-2013T15:04:22;fls-eu.amazon.fr
0157;25-11-2013T15:04:24;www.facebook.com
0157;25-11-2013T15:04:24;docs.codehaus.org
0157;25-11-2013T15:04:27;z-ecx.images-amazon.com
0157;25-11-2013T15:04:27;g-ecx.images-amazon.com
0157;25-11-2013T15:04:27;www.amazon.fr
0157;25-11-2013T15:04:28;z-ecx.images-amazon.com
0157;25-11-2013T15:04:28;g-ecx.images-amazon.com
0157;25-11-2013T15:04:30;fls-eu.amazon.fr
0157;25-11-2013T15:04:32;www.amazon.fr
0157;25-11-2013T15:04:39;fls-eu.amazon.fr
0157;25-11-2013T15:04:44;docs.codehaus.org
0157;25-11-2013T15:04:47;www.amazon.fr
0157;25-11-2013T15:04:56;fls-eu.amazon.fr
0157;25-11-2013T15:05:01;www.amazon.fr
0157;25-11-2013T15:05:04;docs.codehaus.org
0157;25-11-2013T15:05:15;www.amazon.fr
0157;25-11-2013T15:05:18;fls-eu.amazon.fr
0157;25-11-2013T15:05:24;docs.codehaus.org
0157;25-11-2013T15:05:30;www.amazon.fr
0157;25-11-2013T15:05:44;www.amazon.fr
0157;25-11-2013T15:05:44;docs.codehaus.org
0157;25-11-2013T15:05:58;www.amazon.fr
0157;25-11-2013T15:06:04;docs.codehaus.org
0157;25-11-2013T15:06:12;www.amazon.fr
0157;25-11-2013T15:06:18;fls-eu.amazon.fr
0157;25-11-2013T15:06:25;docs.codehaus.org
0157;25-11-2013T15:06:26;www.amazon.fr
0157;25-11-2013T15:06:26;fls-eu.amazon.fr
0157;25-11-2013T15:06:28;www.amazon.fr
0157;25-11-2013T15:06:28;z-ecx.images-amazon.com
0157;25-11-2013T15:06:29;ecx.images-amazon.com
0157;25-11-2013T15:06:29;g-ecx.images-amazon.com
0157;25-11-2013T15:06:29;z-ecx.images-amazon.com
0157;25-11-2013T15:06:29;fls-eu.amazon.fr
0157;25-11-2013T15:06:31;www.amazon.fr
0157;25-11-2013T15:06:31;fls-eu.amazon.fr
0157;25-11-2013T15:06:40;ecx.images-amazon.com
0157;25-11-2013T15:06:41;www.amazon.fr
0157;25-11-2013T15:06:41;ecx.images-amazon.com
0157;25-11-2013T15:06:44;docs.codehaus.org
0157;25-11-2013T15:06:50;ecx.images-amazon.com
0157;25-11-2013T15:06:55;www.amazon.fr
0157;25-11-2013T15:06:57;ecx.images-amazon.com
0157;25-11-2013T15:07:01;ecx.images-amazon.com
0157;25-11-2013T15:07:04;docs.codehaus.org
0157;25-11-2013T15:07:09;www.amazon.fr
0157;25-11-2013T15:07:18;fls-eu.amazon.fr
0157;25-11-2013T15:07:21;fls-eu.amazon.fr
0157;25-11-2013T15:07:21;www.amazon.fr
0157;25-11-2013T15:07:24;docs.codehaus.org
0157;25-11-2013T15:07:44;docs.codehaus.org
0157;25-11-2013T15:08:05;docs.codehaus.org
0157;25-11-2013T15:08:24;docs.codehaus.org
0157;25-11-2013T15:08:45;docs.codehaus.org
0157;25-11-2013T15:09:24;docs.codehaus.org
0157;25-11-2013T15:09:37;clients1.google.com
0157;25-11-2013T15:09:41;gtglobal-ocsp.geotrust.com
0157;25-11-2013T15:10:04;docs.codehaus.org
0157;25-11-2013T15:10:06;www.google.fr
0157;25-11-2013T15:10:06;lettre-de-motivation.modele-cv-lettre.com
0157;25-11-2013T15:10:06;www.modele-cv-lettre.com
0157;25-11-2013T15:10:06;www.beead.fr
0157;25-11-2013T15:10:07;www.modele-cv-lettre.com
0157;25-11-2013T15:10:07;static.ak.facebook.com
0157;25-11-2013T15:10:08;www.modele-cv-lettre.com
0157;25-11-2013T15:10:08;hal9000.redintelligence.net
0157;25-11-2013T15:10:09;hal9000.redintelligence.net
0157;25-11-2013T15:10:09;static.ebz.io
0157;25-11-2013T15:10:10;static.ebz.io
0157;25-11-2013T15:10:12;www.modele-cv-lettre.com
0157;25-11-2013T15:10:12;hal9000.redintelligence.net
0157;25-11-2013T15:10:13;clients1.google.com
0157;25-11-2013T15:10:13;www.beead.fr
0157;25-11-2013T15:10:13;n7.hal9000.redintelligence.net
0157;25-11-2013T15:10:13;images.orangepublicite.fr
0157;25-11-2013T15:10:15;www.facebook.com
0157;25-11-2013T15:10:15;ad.publicidees.com
0157;25-11-2013T15:10:15;ea.numericable.fr
0157;25-11-2013T15:10:45;docs.codehaus.org
0157;25-11-2013T15:11:25;docs.codehaus.org
0157;25-11-2013T15:11:43;www.squid-cache.org
0157;25-11-2013T15:11:49;www.google.fr
0157;25-11-2013T15:11:49;www.google.com
0157;25-11-2013T15:11:50;www.google.com
0157;25-11-2013T15:11:51;www.google.com
0157;25-11-2013T15:11:54;www.google.com
0157;25-11-2013T15:11:55;drive.google.com
0157;25-11-2013T15:11:56;drive.google.com
0157;25-11-2013T15:11:58;clients1.google.com
0157;25-11-2013T15:11:59;clients1.google.com
0157;25-11-2013T15:12:05;docs.codehaus.org
0157;25-11-2013T15:12:45;docs.codehaus.org
0157;25-11-2013T15:13:25;docs.codehaus.org
0157;25-11-2013T15:14:01;www.google.fr
0157;25-11-2013T15:14:02;www.dominos.fr
0157;25-11-2013T15:14:02;connect.facebook.net
0157;25-11-2013T15:14:03;static.ak.facebook.com
0157;25-11-2013T15:14:03;emailretargeting.com
0157;25-11-2013T15:14:04;dc1w54.wysistat.com
0157;25-11-2013T15:14:04;www.facebook.com
0157;25-11-2013T15:14:04;www.dominos.fr
0157;25-11-2013T15:14:04;www.google.com
0157;25-11-2013T15:14:05;docs.codehaus.org
0157;25-11-2013T15:14:09;i1-js-14-3-01-11654-316001909-i.init.cedexis-radar.net
0157;25-11-2013T15:14:23;www.cust01.probe.mediactive-network.net
0157;25-11-2013T15:14:26;www.cust01.probe.mediactive-network.net
0157;25-11-2013T15:14:44;www.google.fr
0157;25-11-2013T15:14:45;www.dominos.fr
0157;25-11-2013T15:14:45;maps.googleapis.com
0157;25-11-2013T15:14:48;www.google.com
0157;25-11-2013T15:14:49;maps.googleapis.com
0157;25-11-2013T15:14:49;www.dominos.fr
0157;25-11-2013T15:14:49;mt0.googleapis.com
0157;25-11-2013T15:14:49;mt1.googleapis.com
0157;25-11-2013T15:14:50;maps.googleapis.com
0157;25-11-2013T15:14:54;i1-js-14-3-01-11654-171083571-i.init.cedexis-radar.net
0157;25-11-2013T15:14:56;cedexis.cachefly.net
0157;25-11-2013T15:14:57;cedexis.cachefly.net
0157;25-11-2013T15:14:57;maps.googleapis.com
0157;25-11-2013T15:14:58;www.cust01.probe.mediactive-network.net
0157;25-11-2013T15:14:59;www.cust01.probe.mediactive-network.net
0157;25-11-2013T15:15:05;docs.codehaus.org
0157;25-11-2013T15:16:05;docs.codehaus.org
0157;25-11-2013T15:17:05;docs.codehaus.org
0157;25-11-2013T15:18:05;docs.codehaus.org
0157;25-11-2013T15:19:05;docs.codehaus.org
0157;25-11-2013T15:20:25;docs.codehaus.org
0157;25-11-2013T15:20:28;mt1.googleapis.com
0157;25-11-2013T15:20:28;mt0.googleapis.com
0157;25-11-2013T15:20:29;maps.googleapis.com
0157;25-11-2013T15:20:32;mt0.googleapis.com
0157;25-11-2013T15:20:32;maps.googleapis.com
0157;25-11-2013T15:20:33;mt1.googleapis.com
0157;25-11-2013T15:20:33;maps.googleapis.com
0157;25-11-2013T15:20:37;maps.googleapis.com
0157;25-11-2013T15:20:47;mt1.googleapis.com
0157;25-11-2013T15:20:47;mt0.googleapis.com
0157;25-11-2013T15:20:47;maps.googleapis.com
0157;25-11-2013T15:20:48;maps.googleapis.com
0157;25-11-2013T15:21:45;docs.codehaus.org
0157;25-11-2013T15:23:05;docs.codehaus.org
0157;25-11-2013T15:23:35;mail.google.com
0157;25-11-2013T15:23:36;clients1.google.com
0157;25-11-2013T15:23:53;clients1.google.com
0157;25-11-2013T15:24:26;docs.codehaus.org
0157;25-11-2013T15:26:05;docs.codehaus.org
0157;25-11-2013T15:26:30;www.google.fr
0157;25-11-2013T15:26:31;www.google.com
0157;25-11-2013T15:26:36;drive.google.com
0157;25-11-2013T15:26:47;clients1.google.com
0157;25-11-2013T15:27:43;www.google.fr
0157;25-11-2013T15:27:43;www.google.co.ma
0157;25-11-2013T15:27:44;www.google.co.ma
0157;25-11-2013T15:27:44;clients1.google.com
0157;25-11-2013T15:27:45;docs.codehaus.org
0157;25-11-2013T17:33:11;armmf.adobe.com
0157;25-11-2013T17:33:12;gtssl-ocsp.geotrust.com
0157;25-11-2013T17:33:13;armdl.adobe.com
0157;25-11-2013T17:33:17;clients1.google.com
0157;25-11-2013T17:33:17;gtglobal-ocsp.geotrust.com
0157;25-11-2013T17:33:18;clients1.google.com
0157;25-11-2013T17:33:22;clients1.google.com
0157;25-11-2013T17:33:28;clients1.google.com
0157;25-11-2013T17:33:29;clients1.google.com
0157;25-11-2013T17:34:00;www.google.fr
0157;25-11-2013T17:34:01;www.google.com
0157;25-11-2013T17:34:07;www.google.com
0157;25-11-2013T17:34:13;gtssl-ocsp.geotrust.com
0157;25-11-2013T17:34:13;www.google.com
0157;25-11-2013T17:34:14;www.google.com
0157;25-11-2013T17:34:14;safebrowsing.clients.google.com
0157;25-11-2013T17:34:14;safebrowsing-cache.google.com
0157;25-11-2013T17:34:14;drive.google.com
0157;25-11-2013T17:34:15;safebrowsing-cache.google.com
0157;25-11-2013T17:34:17;go.microsoft.com
0157;25-11-2013T17:34:18;clients1.google.com
0157;25-11-2013T17:34:18;windows.microsoft.com
0157;25-11-2013T17:34:21;www.google.com
0157;25-11-2013T17:34:22;www.bing.com
0157;25-11-2013T17:39:14;ocsp.thawte.com
0157;25-11-2013T17:42:45;dl.javafx.com
0157;25-11-2013T17:44:02;go.microsoft.com
0157;25-11-2013T17:44:02;shell.windows.com
0157;25-11-2013T17:44:03;shell.windows.com
0157;25-11-2013T17:44:04;shell.windows.com
0157;25-11-2013T17:44:07;www.microsoft.com
0157;25-11-2013T17:44:08;i.microsoft.com
0157;25-11-2013T17:44:08;i2.microsoft.com
0157;25-11-2013T17:44:08;i3.microsoft.com
0157;25-11-2013T17:44:08;www.microsoft.com
0157;25-11-2013T17:44:08;search.microsoft.com
0157;25-11-2013T17:44:08;nexus.ensighten.com
0157;25-11-2013T17:44:08;i.s-microsoft.com
0157;25-11-2013T17:44:09;nexus.ensighten.com
0157;25-11-2013T17:44:10;i.microsoft.com
0157;25-11-2013T17:44:10;search.microsoft.com
0157;25-11-2013T17:44:10;www.microsoft.com
0157;25-11-2013T17:44:10;i3.microsoft.com
0157;25-11-2013T17:44:10;c1.microsoft.com
0157;25-11-2013T17:44:11;c1.microsoft.com
0157;25-11-2013T17:44:11;search.microsoft.com
0157;25-11-2013T17:46:34;office14client.microsoft.com
0157;25-11-2013T17:46:37;office.microsoft.com
0157;25-11-2013T17:46:44;office.microsoft.com
0157;25-11-2013T17:46:51;www.gmail.com
0157;25-11-2013T17:46:52;mail.google.com
0157;25-11-2013T17:46:54;www.bing.com
0157;25-11-2013T21:32:24;gmail.com
0157;25-11-2013T21:32:24;mail.google.com
0157;25-11-2013T21:32:24;clients1.google.com
0157;25-11-2013T21:32:24;gtglobal-ocsp.geotrust.com
0157;25-11-2013T21:32:30;clients1.google.com
0157;25-11-2013T21:32:35;clients1.google.com
0157;25-11-2013T21:33:24;safebrowsing.clients.google.com
0157;25-11-2013T21:33:24;safebrowsing-cache.google.com
0157;25-11-2013T21:34:14;ocsp.digicert.com
0157;25-11-2013T21:36:15;ocsp.verisign.com
0157;25-11-2013T21:44:44;glassfish.org
0157;25-11-2013T21:44:44;glassfish.java.net
0157;25-11-2013T21:44:45;glassfish.java.net
0157;25-11-2013T22:01:10;docs.oracle.com
0157;25-11-2013T22:03:24;safebrowsing.clients.google.com
0157;25-11-2013T22:03:24;safebrowsing-cache.google.com
0157;25-11-2013T22:03:25;safebrowsing-cache.google.com
0157;25-11-2013T22:31:39;safebrowsing.clients.google.com
0157;25-11-2013T22:31:40;safebrowsing-cache.google.com
0157;25-11-2013T13:39:35;sb-ssl.google.com
0157;25-11-2013T13:39:42;www.google.fr
0157;25-11-2013T13:41:04;mail.google.com
0157;25-11-2013T13:41:05;accounts.google.com
0157;25-11-2013T13:41:05;www.google.com
0157;25-11-2013T13:41:06;apis.google.com
0157;25-11-2013T13:45:13;accounts.google.com
0157;25-11-2013T13:45:14;accounts.google.fr
0157;25-11-2013T13:45:14;accounts.google.co.ma
0157;25-11-2013T13:45:14;accounts.youtube.com
0157;25-11-2013T13:45:21;clients2.google.com
0157;25-11-2013T13:45:21;www.google.com
0157;25-11-2013T13:45:24;chatenabled.mail.google.com
0157;25-11-2013T13:45:46;apis.google.com
0157;25-11-2013T13:46:16;plus.google.com
0157;25-11-2013T13:55:36;plus.google.com
0157;25-11-2013T13:55:36;chatenabled.mail.google.com
0157;25-11-2013T13:55:36;mail.google.com
0157;25-11-2013T14:02:50;apis.google.com
0157;25-11-2013T14:03:11;github.global.ssl.fastly.net
0157;25-11-2013T14:03:12;github.global.ssl.fastly.net
0157;25-11-2013T14:03:13;github.com
0157;25-11-2013T14:03:16;www.google.com
0157;25-11-2013T14:03:20;www.google.fr
0157;25-11-2013T14:04:56;1.gravatar.com
0157;25-11-2013T14:04:57;github.com
0157;25-11-2013T14:25:21;accounts.youtube.com
0157;25-11-2013T14:25:21;accounts.google.fr
0157;25-11-2013T14:25:21;accounts.google.com
0157;25-11-2013T14:25:22;accounts.google.co.ma
0157;25-11-2013T14:25:26;www.google.com
0157;25-11-2013T14:25:27;clients2.google.com
0157;25-11-2013T14:25:31;chatenabled.mail.google.com
0157;25-11-2013T14:27:38;apis.google.com
0157;25-11-2013T14:28:20;plus.google.com
0157;25-11-2013T14:35:47;plus.google.com
0157;25-11-2013T14:38:04;chatenabled.mail.google.com
0157;25-11-2013T14:39:22;mail.google.com
0157;25-11-2013T14:44:12;chatenabled.mail.google.com
0157;25-11-2013T14:45:49;plus.google.com
0157;25-11-2013T14:54:51;chatenabled.mail.google.com
0157;25-11-2013T14:55:49;plus.google.com
0157;25-11-2013T15:04:19;s-static.ak.facebook.com
0157;25-11-2013T15:05:24;www.amazon.com
0157;25-11-2013T15:05:49;plus.google.com
0157;25-11-2013T15:06:23;images-na.ssl-images-amazon.com
0157;25-11-2013T15:07:09;mail.google.com
0157;25-11-2013T15:10:07;s-static.ak.facebook.com
0157;25-11-2013T15:14:03;s-static.ak.facebook.com
0157;25-11-2013T15:15:10;clients6.google.com
0157;25-11-2013T15:15:10;apis.google.com
0157;25-11-2013T15:15:10;accounts.google.com
0157;25-11-2013T15:15:14;drive.google.com
0157;25-11-2013T15:15:51;gg.google.com
0157;25-11-2013T15:16:29;www.google.com
0157;25-11-2013T15:16:30;plus.google.com
0157;25-11-2013T15:16:30;cbks0.google.com
0157;25-11-2013T15:17:33;www.google.fr
0157;25-11-2013T15:20:53;drive.google.com
0157;25-11-2013T15:23:13;docs.google.com
0157;25-11-2013T15:26:02;0.drive.google.com
0157;25-11-2013T15:26:29;accounts.google.com
0157;25-11-2013T15:26:38;clients2.google.com
0157;25-11-2013T15:26:41;chatenabled.mail.google.com
0157;25-11-2013T15:28:00;accounts.google.co.ma
0157;25-11-2013T15:28:00;accounts.google.fr
0157;25-11-2013T15:28:00;accounts.youtube.com
0157;25-11-2013T15:28:00;accounts.google.com
0157;25-11-2013T15:28:00;gg.google.com
0157;25-11-2013T15:28:00;1.drive.google.com
0157;25-11-2013T15:28:00;clients6.google.com
0157;25-11-2013T15:28:00;mail.google.com
0157;25-11-2013T15:28:00;www.google.com
0157;25-11-2013T15:28:00;drive.google.com
0157;25-11-2013T15:28:00;www.google.fr
0157;25-11-2013T15:28:00;docs.google.com
0157;25-11-2013T15:28:00;apis.google.com
0157;25-11-2013T15:28:00;0.docs.google.com
0157;25-11-2013T15:28:00;plus.google.com
0157;25-11-2013T17:33:09;armmf.adobe.com
0157;25-11-2013T17:36:24;chatenabled.mail.google.com
0157;25-11-2013T17:36:56;www.google.fr
0157;25-11-2013T17:37:15;www.google.com
0157;25-11-2013T17:37:16;ieonline.microsoft.com
0157;25-11-2013T17:37:16;go.microsoft.com
0157;25-11-2013T17:37:25;plus.google.com
0157;25-11-2013T17:38:00;javadl-esd-secure.oracle.com
0157;25-11-2013T17:38:16;clients2.google.com
0157;25-11-2013T17:38:17;gg.google.com
0157;25-11-2013T17:38:17;accounts.google.com
0157;25-11-2013T17:38:18;clients6.google.com
0157;25-11-2013T17:38:18;apis.google.com
0157;25-11-2013T17:39:18;drive.google.com
0157;25-11-2013T17:40:16;docs.google.com
0157;25-11-2013T17:42:39;javadl-esd-secure.oracle.com
0157;25-11-2013T17:44:30;gg.google.com
0157;25-11-2013T17:44:30;docs.google.com
0157;25-11-2013T17:44:30;www.google.com
0157;25-11-2013T17:44:30;plus.google.com
0157;25-11-2013T17:44:30;1.drive.google.com
0157;25-11-2013T17:44:30;drive.google.com
0157;25-11-2013T17:44:30;0.docs.google.com
0157;25-11-2013T17:44:30;mail.google.com
0157;25-11-2013T17:44:30;0.drive.google.com
0157;25-11-2013T17:46:52;accounts.google.com
0157;25-11-2013T17:46:53;www.google.com
0157;25-11-2013T17:46:54;accounts.google.com
0157;25-11-2013T17:46:54;mail.google.com
0157;25-11-2013T17:46:54;apis.google.com
0157;25-11-2013T17:46:56;www.google.com
0157;25-11-2013T17:46:57;www.google.com
0157;25-11-2013T17:46:57;mail.google.com
0157;25-11-2013T17:48:57;mail.google.com
0157;25-11-2013T17:48:57;accounts.google.com
0157;25-11-2013T17:48:57;apis.google.com
0157;25-11-2013T17:49:51;ieonline.microsoft.com
0157;25-11-2013T18:12:45;ieonline.microsoft.com
0157;25-11-2013T21:35:25;clients2.google.com
0157;25-11-2013T21:35:27;www.google.com
0157;25-11-2013T21:35:29;chatenabled.mail.google.com
0157;25-11-2013T21:35:29;accounts.google.com
0157;25-11-2013T21:36:43;apis.google.com
0157;25-11-2013T21:37:09;javadl-esd-secure.oracle.com
0157;25-11-2013T21:37:34;plus.google.com
0157;25-11-2013T21:39:18;javadl-esd-secure.oracle.com
0157;25-11-2013T21:45:39;plus.google.com
0157;25-11-2013T21:55:39;plus.google.com
0157;25-11-2013T22:05:39;plus.google.com
0157;25-11-2013T22:15:39;plus.google.com
0157;25-11-2013T22:25:39;plus.google.com
0157;25-11-2013T22:30:14;plus.google.com
0157;25-11-2013T22:35:40;plus.google.com
0157;25-11-2013T22:42:26;plus.google.com
0157;25-11-2013T22:45:40;plus.google.com
0157;25-11-2013T22:55:02;plus.google.com
0157;25-11-2013T22:55:02;mail.google.com
0157;26-11-2013T08:20:21;clients1.google.com
0157;26-11-2013T08:20:21;gtglobal-ocsp.geotrust.com
0157;26-11-2013T08:20:22;clients1.google.com
0157;26-11-2013T08:20:25;www.google.fr
0157;26-11-2013T08:20:25;clients1.google.com
0157;26-11-2013T08:20:25;ocsp.tcs.terena.org
0157;26-11-2013T08:20:25;ocsp.usertrust.com
0157;26-11-2013T08:21:13;safebrowsing.clients.google.com
0157;26-11-2013T08:21:13;safebrowsing-cache.google.com
0157;26-11-2013T08:21:14;safebrowsing-cache.google.com
0157;26-11-2013T08:24:36;gmail.com
0157;26-11-2013T08:24:36;mail.google.com
0157;26-11-2013T08:24:37;clients1.google.com
0157;26-11-2013T08:24:44;clients1.google.com
0157;26-11-2013T08:50:49;safebrowsing.clients.google.com
0157;26-11-2013T08:50:49;safebrowsing-cache.google.com
0157;26-11-2013T09:06:09;onlinestores.metaservices.microsoft.com
0157;26-11-2013T09:10:34;download.oracle.com
0157;26-11-2013T09:10:34;docs.oracle.com
0157;26-11-2013T09:20:52;safebrowsing.clients.google.com
0157;26-11-2013T09:20:52;safebrowsing-cache.google.com
0157;26-11-2013T09:20:53;safebrowsing-cache.google.com
0157;26-11-2013T09:23:56;ocsp.thawte.com
0157;26-11-2013T09:24:35;clients1.google.com
0157;26-11-2013T09:24:35;gtglobal-ocsp.geotrust.com
0157;26-11-2013T09:25:40;www.google.fr
0157;26-11-2013T09:25:41;blog.paumard.org
0157;26-11-2013T09:25:42;blog.paumard.org
0157;26-11-2013T09:26:38;blog.paumard.org
0157;26-11-2013T09:44:30;clients1.google.com
0157;26-11-2013T09:44:30;gtglobal-ocsp.geotrust.com
0157;26-11-2013T09:44:31;clients1.google.com
0157;26-11-2013T09:44:39;www.google.fr
0157;26-11-2013T09:44:40;ocsp.tcs.terena.org
0157;26-11-2013T09:44:40;clients1.google.com
0157;26-11-2013T09:44:40;ocsp.usertrust.com
0157;26-11-2013T09:49:26;safebrowsing.clients.google.com
0157;26-11-2013T09:49:26;safebrowsing-cache.google.com
0157;26-11-2013T08:23:18;apis.google.com
0157;26-11-2013T08:23:18;plus.google.com
0157;26-11-2013T08:23:18;www.google.com
0157;26-11-2013T08:23:19;www.google.fr
0157;26-11-2013T08:24:43;javadl-esd-secure.oracle.com
0157;26-11-2013T08:26:40;javadl-esd-secure.oracle.com
0157;26-11-2013T08:27:35;clients2.google.com
0157;26-11-2013T08:27:37;plus.google.com
0157;26-11-2013T08:27:38;chatenabled.mail.google.com
0157;26-11-2013T08:27:39;www.google.com
0157;26-11-2013T08:27:40;accounts.google.com
0157;26-11-2013T08:27:40;apis.google.com
0157;26-11-2013T08:37:50;plus.google.com
0157;26-11-2013T08:41:17;mail.google.com
0157;26-11-2013T09:27:31;plus.google.com
0157;26-11-2013T09:28:32;www.google.fr
0157;26-11-2013T09:37:43;plus.google.com
0157;26-11-2013T09:46:28;javadl-esd-secure.oracle.com
0157;26-11-2013T09:47:23;javadl-esd-secure.oracle.com
0157;26-11-2013T09:47:27;plus.google.com
0157;26-11-2013T09:47:27;apis.google.com
0157;26-11-2013T09:47:28;www.google.com
0157;26-11-2013T09:47:30;www.google.fr
0157;28-11-2013T13:38:05;login.live.com
0157;28-11-2013T13:54:48;login.live.com
0157;28-11-2013T13:55:02;login.live.com
0157;28-11-2013T13:55:02;ssl.bing.com
0157;28-11-2013T13:55:03;drive.google.com
0157;28-11-2013T13:55:05;login.live.com
0157;28-11-2013T13:55:05;drive.google.com
0157;28-11-2013T13:55:08;www.google.com
0157;28-11-2013T13:55:11;drive.google.com
0157;28-11-2013T13:55:22;accounts.google.com
0157;28-11-2013T13:55:22;drive.google.com
0157;28-11-2013T13:55:22;www.google.com
0157;28-11-2013T13:55:25;accounts.youtube.com
0157;28-11-2013T13:55:48;accounts.google.co.ma
0157;28-11-2013T13:55:49;accounts.google.fr
0157;28-11-2013T13:55:49;accounts.google.com
0157;28-11-2013T13:55:49;accounts.youtube.com
0157;28-11-2013T13:55:49;accounts.google.co.ma
0157;28-11-2013T13:55:49;drive.google.com
0157;28-11-2013T13:55:50;drive.google.com
0157;28-11-2013T13:55:52;drive.google.com
0157;28-11-2013T13:55:52;apis.google.com
0157;28-11-2013T13:55:53;0.drive.google.com
0157;28-11-2013T13:55:55;apis.google.com
0157;28-11-2013T13:55:55;drive.google.com
0157;28-11-2013T13:55:57;www.google.com
0157;28-11-2013T13:55:57;drive.google.com
0157;28-11-2013T13:55:57;docs.google.com
0157;28-11-2013T13:55:58;docs.google.com
0157;28-11-2013T13:55:59;docs.google.com
0157;28-11-2013T13:56:00;plus.google.com
0157;28-11-2013T13:56:01;docs.google.com
0157;28-11-2013T13:56:09;drive.google.com
0157;28-11-2013T13:56:11;docs.google.com
0157;28-11-2013T13:56:12;drive.google.com
0157;28-11-2013T13:56:13;docs.google.com
0157;28-11-2013T13:56:14;docs.google.com
0157;28-11-2013T13:56:16;docs.google.com
0157;28-11-2013T13:56:17;docs.google.com
0157;28-11-2013T13:56:18;www.google.com
0157;28-11-2013T13:56:31;0.docs.google.com
0157;28-11-2013T13:56:31;apis.google.com
0157;28-11-2013T13:57:08;plus.google.com
0157;28-11-2013T13:57:15;drive.google.com
0157;28-11-2013T13:57:15;docs.google.com
0157;28-11-2013T13:57:51;docs.google.com
0157;28-11-2013T13:57:52;docs.google.com
0157;28-11-2013T13:59:32;www.google.fr
0157;28-11-2013T13:59:35;www.google.com
0157;28-11-2013T13:59:54;apis.google.com
0157;28-11-2013T13:59:54;www.google.fr
0157;28-11-2013T13:59:54;plus.google.com
0157;28-11-2013T14:00:01;plus.google.com
0157;28-11-2013T14:00:01;apis.google.com
0157;28-11-2013T14:00:03;www.google.com
0157;28-11-2013T14:00:08;geo.mozilla.org
0157;28-11-2013T14:00:15;apis.google.com
0157;28-11-2013T14:00:15;plus.google.com
0157;28-11-2013T14:00:29;sites.google.com
0157;28-11-2013T14:00:29;www.google.fr
0157;28-11-2013T14:00:30;sites.google.com
0157;28-11-2013T14:00:30;docs.google.com
0157;28-11-2013T14:00:30;gg.google.com
0157;28-11-2013T14:00:30;www.google.com
0157;28-11-2013T14:00:31;sites.google.com
0157;28-11-2013T14:00:31;docs.google.com
0157;28-11-2013T14:00:33;49.docs.google.com
0157;28-11-2013T14:00:34;apis.google.com
0157;28-11-2013T14:00:46;docs.google.com
0157;28-11-2013T14:00:51;0.drive.google.com
0157;28-11-2013T14:01:04;docs.google.com
0157;28-11-2013T14:01:59;sb-ssl.google.com
0157;28-11-2013T14:03:00;0.docs.google.com
0157;28-11-2013T14:03:01;docs.google.com
0157;28-11-2013T14:03:01;0.docs.google.com
0157;28-11-2013T14:03:10;75.docs.google.com
0157;28-11-2013T14:03:18;docs.google.com
0157;28-11-2013T14:03:18;sites.google.com
0157;28-11-2013T14:03:18;49.docs.google.com
0157;28-11-2013T14:03:58;0.docs.google.com
0157;28-11-2013T14:04:02;75.docs.google.com
0157;28-11-2013T14:04:10;www.google.fr
0157;28-11-2013T14:04:27;75.docs.google.com
0157;28-11-2013T14:04:41;75.docs.google.com
0157;28-11-2013T14:04:50;0.docs.google.com
0157;28-11-2013T14:04:52;accounts.google.co.ma
0157;28-11-2013T14:04:52;accounts.google.fr
0157;28-11-2013T14:04:52;accounts.youtube.com
0157;28-11-2013T14:04:55;docs.google.com
0157;28-11-2013T14:04:55;accounts.google.com
0157;28-11-2013T14:04:55;75.docs.google.com
0157;28-11-2013T14:04:56;clients6.google.com
0157;28-11-2013T14:05:04;sites.google.com
0157;28-11-2013T14:05:04;www.google.com
0157;28-11-2013T14:05:18;plus.google.com
0157;28-11-2013T14:05:18;apis.google.com
0157;28-11-2013T14:05:32;www.google.fr
0157;28-11-2013T14:05:42;0.docs.google.com
0157;28-11-2013T14:05:46;75.docs.google.com
0157;28-11-2013T14:06:06;www.google.fr
0157;28-11-2013T14:06:18;www.google.fr
0157;28-11-2013T14:06:21;gg.google.com
0157;28-11-2013T14:06:21;docs.google.com
0157;28-11-2013T14:06:26;sites.google.com
0157;28-11-2013T14:06:32;0.docs.google.com
0157;28-11-2013T14:06:40;75.docs.google.com
0157;28-11-2013T14:07:25;0.docs.google.com
0157;28-11-2013T14:07:36;75.docs.google.com
0157;28-11-2013T14:08:28;75.docs.google.com
0157;28-11-2013T14:08:34;0.docs.google.com
0157;28-11-2013T14:09:20;75.docs.google.com
0157;28-11-2013T14:09:29;0.docs.google.com
0157;28-11-2013T14:10:00;docs.google.com
0157;28-11-2013T14:10:14;75.docs.google.com
0157;28-11-2013T14:10:19;0.docs.google.com
0157;28-11-2013T14:10:23;plus.google.com
0157;28-11-2013T14:10:23;www.google.fr
0157;28-11-2013T14:10:28;0.docs.google.com
0157;28-11-2013T14:11:08;75.docs.google.com
0157;28-11-2013T14:11:19;0.docs.google.com
0157;28-11-2013T14:12:05;75.docs.google.com
0157;28-11-2013T14:12:12;0.docs.google.com
0157;28-11-2013T14:12:42;plus.google.com
0157;28-11-2013T14:12:47;accounts.google.com
0157;28-11-2013T14:12:55;docs.google.com
0157;28-11-2013T14:12:59;75.docs.google.com
0157;28-11-2013T14:13:06;0.docs.google.com
0157;28-11-2013T14:13:53;75.docs.google.com
0157;28-11-2013T14:14:02;0.docs.google.com
0157;28-11-2013T14:14:34;login.wikimedia.org
0157;28-11-2013T14:14:34;fr.wikipedia.org
0157;28-11-2013T14:14:49;75.docs.google.com
0157;28-11-2013T14:14:55;0.docs.google.com
0157;28-11-2013T14:15:10;www.google.fr
0157;28-11-2013T14:15:22;www.google.fr
0157;28-11-2013T14:15:39;0.docs.google.com
0157;28-11-2013T14:15:44;75.docs.google.com
0157;28-11-2013T14:16:22;0.docs.google.com
0157;28-11-2013T14:16:45;75.docs.google.com
0157;28-11-2013T14:17:18;0.docs.google.com
0157;28-11-2013T14:17:39;75.docs.google.com
0157;28-11-2013T14:17:56;0.docs.google.com
0157;28-11-2013T14:18:31;75.docs.google.com
0157;28-11-2013T14:18:50;0.docs.google.com
0157;28-11-2013T14:19:20;www.google.fr
0157;28-11-2013T14:19:28;75.docs.google.com
0157;28-11-2013T14:19:30;www.google.fr
0157;28-11-2013T14:19:34;0.docs.google.com
0157;28-11-2013T14:20:22;75.docs.google.com
0157;28-11-2013T14:20:57;0.docs.google.com
0157;28-11-2013T14:21:11;75.docs.google.com
0157;28-11-2013T14:21:38;0.docs.google.com
0157;28-11-2013T14:22:04;75.docs.google.com
0157;28-11-2013T14:22:22;0.docs.google.com
0157;28-11-2013T14:22:49;plus.google.com
0157;28-11-2013T14:22:54;75.docs.google.com
0157;28-11-2013T14:23:08;0.docs.google.com
0157;28-11-2013T14:23:50;75.docs.google.com
0157;28-11-2013T14:23:51;plus.google.com
0157;28-11-2013T14:24:43;75.docs.google.com
0157;28-11-2013T14:24:48;0.docs.google.com
0157;28-11-2013T14:25:35;0.docs.google.com
0157;28-11-2013T14:25:39;75.docs.google.com
0157;28-11-2013T14:26:18;0.docs.google.com
0157;28-11-2013T14:26:33;75.docs.google.com
0157;28-11-2013T14:27:22;0.docs.google.com
0157;28-11-2013T14:27:26;75.docs.google.com
0157;28-11-2013T14:28:09;0.docs.google.com
0157;28-11-2013T14:28:19;75.docs.google.com
0157;28-11-2013T14:29:05;0.docs.google.com
0157;28-11-2013T14:29:14;75.docs.google.com
0157;28-11-2013T14:30:04;0.docs.google.com
0157;28-11-2013T14:30:12;75.docs.google.com
0157;28-11-2013T14:31:02;0.docs.google.com
0157;28-11-2013T14:31:08;75.docs.google.com
0157;28-11-2013T14:31:53;0.docs.google.com
0157;28-11-2013T14:31:59;75.docs.google.com
0157;28-11-2013T14:32:40;www.google.fr
0157;28-11-2013T14:32:41;0.docs.google.com
0157;28-11-2013T14:32:51;75.docs.google.com
0157;28-11-2013T14:32:59;plus.google.com
0157;28-11-2013T14:33:36;0.docs.google.com
0157;28-11-2013T14:33:45;75.docs.google.com
0157;28-11-2013T14:34:28;0.docs.google.com
0157;28-11-2013T14:34:42;75.docs.google.com
0157;28-11-2013T14:34:54;docs.google.com
0157;28-11-2013T14:35:20;0.docs.google.com
0157;28-11-2013T14:35:35;75.docs.google.com
0157;28-11-2013T14:36:18;0.docs.google.com
0157;28-11-2013T14:36:26;75.docs.google.com
0157;28-11-2013T14:37:03;0.docs.google.com
0157;28-11-2013T14:37:21;75.docs.google.com
0157;28-11-2013T14:38:03;0.docs.google.com
0157;28-11-2013T14:38:11;75.docs.google.com
0157;28-11-2013T14:38:57;0.docs.google.com
0157;28-11-2013T14:39:03;75.docs.google.com
0157;28-11-2013T14:39:56;75.docs.google.com
0157;28-11-2013T14:40:24;0.docs.google.com
0157;28-11-2013T14:40:50;75.docs.google.com
0157;28-11-2013T14:41:19;0.docs.google.com
0157;28-11-2013T14:41:43;75.docs.google.com
0157;28-11-2013T14:41:55;docs.google.com
0157;28-11-2013T14:42:11;0.docs.google.com
0157;28-11-2013T14:42:38;75.docs.google.com
0157;28-11-2013T14:43:00;plus.google.com
0157;28-11-2013T14:43:01;0.docs.google.com
0157;28-11-2013T14:43:31;75.docs.google.com
0157;28-11-2013T14:43:44;0.docs.google.com
0157;28-11-2013T14:44:27;75.docs.google.com
0157;28-11-2013T14:44:34;0.docs.google.com
0157;28-11-2013T14:45:16;75.docs.google.com
0157;28-11-2013T14:45:31;0.docs.google.com
0157;28-11-2013T14:46:11;75.docs.google.com
0157;28-11-2013T14:46:25;0.docs.google.com
0157;28-11-2013T14:46:55;docs.google.com
0157;28-11-2013T14:47:00;75.docs.google.com
0157;28-11-2013T14:47:22;0.docs.google.com
0157;28-11-2013T14:47:52;75.docs.google.com
0157;28-11-2013T14:48:15;0.docs.google.com
0157;28-11-2013T14:48:45;75.docs.google.com
0157;28-11-2013T14:49:15;0.docs.google.com
0157;28-11-2013T14:49:36;75.docs.google.com
0157;28-11-2013T14:50:11;0.docs.google.com
0157;28-11-2013T14:50:30;75.docs.google.com
0157;28-11-2013T14:51:06;0.docs.google.com
0157;28-11-2013T14:51:25;75.docs.google.com
0157;28-11-2013T14:51:59;0.docs.google.com
0157;28-11-2013T14:52:16;75.docs.google.com
0157;28-11-2013T14:52:47;0.docs.google.com
0157;28-11-2013T14:53:00;plus.google.com
0157;28-11-2013T14:53:12;75.docs.google.com
0157;28-11-2013T14:53:40;0.docs.google.com
0157;28-11-2013T14:54:02;75.docs.google.com
0157;28-11-2013T14:54:53;75.docs.google.com
0157;28-11-2013T14:55:13;0.docs.google.com
0157;28-11-2013T14:55:48;75.docs.google.com
0157;28-11-2013T14:56:00;0.docs.google.com
0157;28-11-2013T14:56:43;75.docs.google.com
0157;28-11-2013T14:57:27;0.docs.google.com
0157;28-11-2013T14:57:39;75.docs.google.com
0157;28-11-2013T14:58:13;0.docs.google.com
0157;28-11-2013T14:58:32;75.docs.google.com
0157;28-11-2013T14:58:58;0.docs.google.com
0157;28-11-2013T14:59:30;75.docs.google.com
0157;28-11-2013T14:59:54;0.docs.google.com
0157;28-11-2013T15:00:27;75.docs.google.com
0157;28-11-2013T15:00:50;0.docs.google.com
0157;28-11-2013T15:01:21;docs.google.com
0157;28-11-2013T15:01:25;75.docs.google.com
0157;28-11-2013T15:01:49;0.docs.google.com
0157;28-11-2013T15:01:54;docs.google.com
0157;28-11-2013T15:02:18;75.docs.google.com
0157;28-11-2013T15:02:43;0.docs.google.com
0157;28-11-2013T15:03:00;plus.google.com
0157;28-11-2013T15:03:10;75.docs.google.com
0157;28-11-2013T15:03:34;0.docs.google.com
0157;28-11-2013T15:04:03;75.docs.google.com
0157;28-11-2013T15:04:25;0.docs.google.com
0157;28-11-2013T15:04:58;75.docs.google.com
0157;28-11-2013T15:05:22;0.docs.google.com
0157;28-11-2013T15:05:54;75.docs.google.com
0157;28-11-2013T15:06:16;0.docs.google.com
0157;28-11-2013T15:06:49;75.docs.google.com
0157;28-11-2013T15:07:08;0.docs.google.com
0157;28-11-2013T15:07:38;75.docs.google.com
0157;28-11-2013T15:07:55;docs.google.com
0157;28-11-2013T15:08:01;0.docs.google.com
0157;28-11-2013T15:08:35;75.docs.google.com
0157;28-11-2013T15:08:55;0.docs.google.com
0157;28-11-2013T15:09:25;75.docs.google.com
0157;28-11-2013T15:09:47;0.docs.google.com
0157;28-11-2013T15:10:20;75.docs.google.com
0157;28-11-2013T15:10:37;0.docs.google.com
0157;28-11-2013T15:11:15;75.docs.google.com
0157;28-11-2013T15:11:43;0.docs.google.com
0157;28-11-2013T15:12:08;75.docs.google.com
0157;28-11-2013T15:12:31;0.docs.google.com
0157;28-11-2013T15:12:58;75.docs.google.com
0157;28-11-2013T15:13:01;plus.google.com
0157;28-11-2013T15:13:33;0.docs.google.com
0157;28-11-2013T15:13:56;75.docs.google.com
0157;28-11-2013T15:14:13;0.docs.google.com
0157;28-11-2013T15:14:47;75.docs.google.com
0157;28-11-2013T15:15:14;0.docs.google.com
0157;28-11-2013T15:15:42;75.docs.google.com
0157;28-11-2013T15:15:59;0.docs.google.com
0157;28-11-2013T15:16:39;75.docs.google.com
0157;28-11-2013T15:16:54;0.docs.google.com
0157;28-11-2013T15:17:33;0.docs.google.com
0157;28-11-2013T15:17:36;75.docs.google.com
0157;28-11-2013T15:18:31;75.docs.google.com
0157;28-11-2013T15:18:34;0.docs.google.com
0157;28-11-2013T15:19:23;75.docs.google.com
0157;28-11-2013T15:19:26;0.docs.google.com
0157;28-11-2013T15:19:46;login.wikimedia.org
0157;28-11-2013T15:19:47;en.wikipedia.org
0157;28-11-2013T15:20:00;docs.google.com
0157;28-11-2013T15:20:15;75.docs.google.com
0157;28-11-2013T15:20:16;0.docs.google.com
0157;28-11-2013T15:20:32;www.google.fr
0157;28-11-2013T15:20:37;www.google.fr
0157;28-11-2013T15:20:55;docs.google.com
0157;28-11-2013T15:21:09;75.docs.google.com
0157;28-11-2013T15:21:12;0.docs.google.com
0157;28-11-2013T15:21:59;0.docs.google.com
0157;28-11-2013T15:22:06;75.docs.google.com
0157;28-11-2013T15:22:56;0.docs.google.com
0157;28-11-2013T15:23:01;75.docs.google.com
0157;28-11-2013T15:23:55;0.docs.google.com
0157;28-11-2013T15:23:56;75.docs.google.com
0157;28-11-2013T15:23:57;docs.google.com
0157;28-11-2013T15:24:45;75.docs.google.com
0157;28-11-2013T15:24:49;0.docs.google.com
0157;28-11-2013T15:24:53;0.docs.google.com
0157;28-11-2013T15:24:53;docs.google.com
0157;28-11-2013T15:24:53;www.google.fr
0157;28-11-2013T15:24:53;id.google.fr
0157;28-11-2013T15:24:53;plus.google.com
0157;02-12-2013T13:40:26;google.fr
0157;02-12-2013T13:40:27;www.google.fr
0157;02-12-2013T13:40:27;clients1.google.com
0157;02-12-2013T13:40:27;gtglobal-ocsp.geotrust.com
0157;02-12-2013T13:40:28;clients1.google.com
0157;02-12-2013T13:40:37;www.google.fr
0157;02-12-2013T13:40:38;clients1.google.com
0157;02-12-2013T13:40:38;ocsp.tcs.terena.org
0157;02-12-2013T13:40:38;ocsp.usertrust.com
0157;02-12-2013T13:41:16;gtssl-ocsp.geotrust.com
0157;02-12-2013T13:42:11;ocsp.verisign.com
0157;02-12-2013T13:43:17;safebrowsing.clients.google.com
0157;02-12-2013T13:43:17;safebrowsing-cache.google.com
0157;02-12-2013T13:44:11;ocsp.digicert.com
0157;02-12-2013T13:50:11;ocsp.thawte.com
0157;02-12-2013T13:50:32;www.squid-cache.org
0157;02-12-2013T14:02:01;www.google.fr
0157;02-12-2013T14:02:03;admin.brightcove.com
0157;02-12-2013T14:02:03;www.khj.ca
0157;02-12-2013T14:02:03;ajax.googleapis.com
0157;02-12-2013T14:02:04;www.khj.ca
0157;02-12-2013T14:02:04;config.7821k.com
0157;02-12-2013T14:02:04;proxy.amri.ca
0157;02-12-2013T14:02:04;www.foxrocks.ca
0157;02-12-2013T14:02:04;footers.astralmedia.com
0157;02-12-2013T14:02:05;www.facebook.com
0157;02-12-2013T14:02:05;www.khj.ca
0157;02-12-2013T14:02:05;m.standardinteractive.com
0157;02-12-2013T14:02:24;www.google.fr
0157;02-12-2013T14:02:35;www.google.fr
0157;02-12-2013T14:02:35;www.commentcamarche.net
0157;02-12-2013T14:02:35;static.ccm2.net
0157;02-12-2013T14:02:36;static.ccm2.net
0157;02-12-2013T14:02:36;r.ccm2.net
0157;02-12-2013T14:02:36;ba.commentcamarche.net
0157;02-12-2013T14:02:36;ocsp.godaddy.com
0157;02-12-2013T14:02:36;ocsp.digicert.com
0157;02-12-2013T14:02:37;static.ccm2.net
0157;02-12-2013T14:02:37;www.facebook.com
0157;02-12-2013T14:02:37;connect.facebook.net
0157;02-12-2013T14:02:37;platform.twitter.com
0157;02-12-2013T14:02:38;static.ak.facebook.com
0157;02-12-2013T14:02:38;clients1.google.com
0157;02-12-2013T14:02:38;evsecure-ocsp.verisign.com
0157;02-12-2013T14:02:39;www.facebook.com
0157;02-12-2013T14:02:39;platform.twitter.com
0157;02-12-2013T14:02:39;static.ccm2.net
0157;02-12-2013T14:02:40;static.ccm2.net
0157;02-12-2013T14:02:40;static.ccmbg.com
0157;02-12-2013T14:02:41;www.facebook.com
0157;02-12-2013T14:02:41;www.commentcamarche.net
0157;02-12-2013T14:05:32;gtssl-ocsp.geotrust.com
0157;02-12-2013T14:05:35;gtssl-ocsp.geotrust.com
0157;02-12-2013T14:05:37;google.fr
0157;02-12-2013T14:05:37;www.google.fr
0157;02-12-2013T14:05:37;clients1.google.com
0157;02-12-2013T14:05:37;gtglobal-ocsp.geotrust.com
0157;02-12-2013T14:05:39;clients1.google.com
0157;02-12-2013T14:05:47;www.google.fr
0157;02-12-2013T14:05:48;www.commentcamarche.net
0157;02-12-2013T14:05:49;static.ccm2.net
0157;02-12-2013T14:05:49;r.ccm2.net
0157;02-12-2013T14:05:49;ba.commentcamarche.net
0157;02-12-2013T14:05:49;clients1.google.com
0157;02-12-2013T14:05:50;static.ccm2.net
0157;02-12-2013T14:05:50;www.google.fr
0157;02-12-2013T14:05:51;www.facebook.com
0157;02-12-2013T14:05:51;platform.twitter.com
0157;02-12-2013T14:05:51;connect.facebook.net
0157;02-12-2013T14:05:52;static.ak.facebook.com
0157;02-12-2013T14:05:52;player.kpsule.me
0157;02-12-2013T14:05:53;player.kpsule.me
0157;02-12-2013T14:05:53;evsecure-ocsp.verisign.com
0157;02-12-2013T14:05:53;clients1.google.com
0157;02-12-2013T14:05:54;evsecure-ocsp.verisign.com
0157;02-12-2013T14:05:54;www.facebook.com
0157;02-12-2013T14:05:54;platform.twitter.com
0157;02-12-2013T14:05:54;static.ccm2.net
0157;02-12-2013T14:05:54;static.ccmbg.com
0157;02-12-2013T14:05:55;www.facebook.com
0157;02-12-2013T14:05:55;clients1.google.com
0157;02-12-2013T14:05:58;www.commentcamarche.net
0157;02-12-2013T14:07:48;safebrowsing.clients.google.com
0157;02-12-2013T14:07:48;safebrowsing-cache.google.com
0157;02-12-2013T14:10:31;gtssl-ocsp.geotrust.com
0157;02-12-2013T14:11:22;www.google.fr
0157;02-12-2013T14:11:23;ocsp.tcs.terena.org
0157;02-12-2013T14:11:23;ocsp.thawte.com
0157;02-12-2013T14:11:24;ocsp.tcs.terena.org
0157;02-12-2013T14:11:25;ocsp.usertrust.com
0157;02-12-2013T14:11:26;ocsp.usertrust.com
0157;02-12-2013T14:13:24;ocsp.verisign.com
0157;02-12-2013T14:15:24;ocsp.digicert.com
0157;02-12-2013T14:18:26;docs.codehaus.org
0157;02-12-2013T14:18:26;i.creativecommons.org
0157;02-12-2013T14:18:27;docs.codehaus.org
0157;02-12-2013T14:18:28;docs.codehaus.org
0157;02-12-2013T14:18:29;docs.codehaus.org
0157;02-12-2013T14:18:30;docs.codehaus.org
0157;02-12-2013T14:37:36;www.squid-cache.org
0157;02-12-2013T14:37:46;www.leboncoin.fr
0157;02-12-2013T14:37:47;www.leboncoin.fr
0157;02-12-2013T14:37:47;static.leboncoin.fr
0157;02-12-2013T14:37:47;deliv.leboncoin.fr
0157;02-12-2013T14:37:48;static.leboncoin.fr
0157;02-12-2013T14:37:48;www.leboncoin.fr
0157;02-12-2013T14:37:50;www.leboncoin.fr
0157;02-12-2013T14:37:50;193.164.197.60
0157;02-12-2013T14:37:50;193.164.196.50
0157;02-12-2013T14:37:50;193.164.197.30
0157;02-12-2013T14:37:50;193.164.197.50
0157;02-12-2013T14:37:50;193.164.196.40
0157;02-12-2013T14:37:50;193.164.196.60
0157;02-12-2013T14:37:50;193.164.197.40
0157;02-12-2013T14:37:50;193.164.196.30
0157;02-12-2013T14:37:50;static.leboncoin.fr
0157;02-12-2013T14:37:50;deliv.leboncoin.fr
0157;02-12-2013T14:37:51;deliv.leboncoin.fr
0157;02-12-2013T14:37:57;www.leboncoin.fr
0157;02-12-2013T14:37:58;www.google.com
0157;02-12-2013T14:38:01;www.leboncoin.fr
0157;02-12-2013T14:38:01;193.164.196.60
0157;02-12-2013T14:38:01;193.164.196.40
0157;02-12-2013T14:38:01;193.164.197.50
0157;02-12-2013T14:38:01;193.164.196.50
0157;02-12-2013T14:38:01;193.164.197.60
0157;02-12-2013T14:38:01;193.164.196.30
0157;02-12-2013T14:38:01;193.164.197.40
0157;02-12-2013T14:38:01;deliv.leboncoin.fr
0157;02-12-2013T14:38:02;deliv.leboncoin.fr
0157;02-12-2013T14:38:02;www.google.com
0157;02-12-2013T14:38:02;mm.eulerian.net
0157;02-12-2013T14:38:09;www.leboncoin.fr
0157;02-12-2013T14:38:09;deliv.leboncoin.fr
0157;02-12-2013T14:38:09;www.google.com
0157;02-12-2013T14:38:18;www.leboncoin.fr
0157;02-12-2013T14:38:19;static.leboncoin.fr
0157;02-12-2013T14:38:19;deliv.leboncoin.fr
0157;02-12-2013T14:38:19;www.leboncoin.fr
0157;02-12-2013T14:38:19;mm.eulerian.net
0157;02-12-2013T14:38:20;deliv.leboncoin.fr
0157;02-12-2013T14:38:24;www.google.com
0157;02-12-2013T14:39:07;safebrowsing.clients.google.com
0157;02-12-2013T14:39:08;safebrowsing-cache.google.com
0157;02-12-2013T14:39:09;safebrowsing-cache.google.com
0157;02-12-2013T14:51:05;docs.codehaus.org
0157;02-12-2013T14:51:06;docs.codehaus.org
0157;02-12-2013T14:51:26;docs.codehaus.org
0157;02-12-2013T14:51:46;docs.codehaus.org
0157;02-12-2013T14:52:06;docs.codehaus.org
0157;02-12-2013T14:52:26;docs.codehaus.org
0157;02-12-2013T14:52:46;docs.codehaus.org
0157;02-12-2013T14:53:06;docs.codehaus.org
0157;02-12-2013T14:53:26;docs.codehaus.org
0157;02-12-2013T14:53:46;docs.codehaus.org
0157;02-12-2013T14:54:06;docs.codehaus.org
0157;02-12-2013T14:54:26;docs.codehaus.org
0157;02-12-2013T14:54:46;docs.codehaus.org
0157;02-12-2013T14:55:06;docs.codehaus.org
0157;02-12-2013T14:55:26;docs.codehaus.org
0157;02-12-2013T14:55:46;docs.codehaus.org
0157;02-12-2013T14:55:59;docs.codehaus.org
0157;02-12-2013T14:56:00;docs.codehaus.org
0157;02-12-2013T14:56:01;docs.codehaus.org
0157;02-12-2013T14:56:02;docs.codehaus.org
0157;02-12-2013T15:03:47;www.google.fr
0157;02-12-2013T15:03:48;qualilogy.com
0157;02-12-2013T15:03:49;qualilogy.com
0157;02-12-2013T15:03:51;www.google.fr
0157;02-12-2013T15:03:51;qualilogy.com
0157;02-12-2013T15:03:52;qualilogy.com
0157;02-12-2013T15:03:52;0.gravatar.com
0157;02-12-2013T15:09:44;safebrowsing.clients.google.com
0157;02-12-2013T15:09:44;safebrowsing-cache.google.com
0157;02-12-2013T15:09:45;safebrowsing-cache.google.com
0157;02-12-2013T19:54:33;armmf.adobe.com
0157;02-12-2013T19:54:35;armdl.adobe.com
0157;02-12-2013T19:58:52;gtssl-ocsp.geotrust.com
0157;02-12-2013T19:59:52;gtssl-ocsp.geotrust.com
0157;02-12-2013T20:00:47;safebrowsing.clients.google.com
0157;02-12-2013T20:00:48;safebrowsing-cache.google.com
0157;02-12-2013T13:43:23;apis.google.com
0157;02-12-2013T13:43:29;www.google.com
0157;02-12-2013T13:43:31;www.google.fr
0157;02-12-2013T14:02:38;s-static.ak.facebook.com
0157;02-12-2013T14:03:09;twitter.com
0157;02-12-2013T14:04:50;www.google.com
0157;02-12-2013T14:04:50;ajax.googleapis.com
0157;02-12-2013T14:04:50;www.google.fr
0157;02-12-2013T14:04:50;id.google.fr
0157;02-12-2013T14:04:50;apis.google.com
0157;02-12-2013T14:04:50;accounts.google.com
0157;02-12-2013T14:05:40;geo.mozilla.org
0157;02-12-2013T14:05:52;s-static.ak.facebook.com
0157;02-12-2013T14:05:58;www.facebook.com
0157;02-12-2013T14:06:24;twitter.com
0157;02-12-2013T14:08:33;www.google.com
0157;02-12-2013T14:08:40;www.google.fr
0157;02-12-2013T14:08:44;ajax.googleapis.com
0157;02-12-2013T14:08:47;apis.google.com
0157;02-12-2013T14:08:48;accounts.google.com
0157;02-12-2013T14:10:42;sb-ssl.google.com
0157;02-12-2013T14:14:16;www.google.com
0157;02-12-2013T14:14:18;www.google.fr
0157;02-12-2013T14:37:56;compteperso.leboncoin.fr
0157;02-12-2013T15:03:14;www.google.com
0157;02-12-2013T15:03:17;www.google.fr
0157;02-12-2013T15:06:39;id.google.fr
0157;02-12-2013T15:06:40;www.google.com
0157;02-12-2013T15:06:41;www.google.fr
0157;02-12-2013T19:54:31;armmf.adobe.com
0157;02-12-2013T19:59:21;javadl-esd-secure.oracle.com
0157;03-12-2013T13:38:47;go.microsoft.com
0157;03-12-2013T13:38:47;www.iegallery.com
0157;03-12-2013T13:38:48;www.iegallery.com
0157;03-12-2013T13:38:49;www.iegallery.com
0157;03-12-2013T13:38:50;www.iegallery.com
0157;03-12-2013T13:38:51;www.iegallery.com
0157;03-12-2013T13:38:51;www.bing.com
0157;03-12-2013T13:38:53;www.bing.com
0157;03-12-2013T13:38:58;pierre.colomb.me
0157;03-12-2013T13:39:19;pierre.colomb.me
0157;03-12-2013T13:39:22;pierre.colomb.me
0157;03-12-2013T13:39:26;pierre.colomb.me
0157;03-12-2013T13:39:31;pierre.colomb.me
0157;03-12-2013T13:39:33;pierre.colomb.me
0157;03-12-2013T13:39:34;pierre.colomb.me
0157;03-12-2013T13:39:35;pierre.colomb.me
0157;03-12-2013T13:39:53;pierre.colomb.me
0157;03-12-2013T13:39:56;pierre.colomb.me
0157;03-12-2013T13:39:57;pierre.colomb.me
0157;03-12-2013T13:40:26;pierre.colomb.me
0157;03-12-2013T13:43:15;pierre.colomb.me
0157;03-12-2013T13:43:16;www.foxitsoftware.com
0157;03-12-2013T13:43:17;ad.foxitsoftware.com
0157;03-12-2013T13:43:25;pierre.colomb.me
0157;03-12-2013T13:43:26;www.foxitsoftware.com
0157;03-12-2013T13:43:26;pierre.colomb.me
0157;03-12-2013T13:43:27;ad.foxitsoftware.com
0157;03-12-2013T13:43:47;pierre.colomb.me
0157;03-12-2013T13:43:47;www.foxitsoftware.com
0157;03-12-2013T13:43:48;ad.foxitsoftware.com
0157;03-12-2013T13:43:57;goole.fr
0157;03-12-2013T13:43:57;www.lyad.com
0157;03-12-2013T13:43:59;www.lyad.fr
0157;03-12-2013T13:43:59;www.lyad.com
0157;03-12-2013T13:43:59;goole.fr
0157;03-12-2013T13:44:03;google.fr
0157;03-12-2013T13:44:03;www.google.fr
0157;03-12-2013T13:45:48;pierre.colomb.me
0157;03-12-2013T13:39:09;ieonline.microsoft.com
0157;03-12-2013T13:40:09;ieonline.microsoft.com
0157;03-12-2013T13:44:29;www.google.fr
0157;03-12-2013T13:48:30;www.google.fr
0157;05-12-2013T13:33:48;gtssl-ocsp.geotrust.com
0157;05-12-2013T13:33:49;clients1.google.com
0157;05-12-2013T13:33:49;gtglobal-ocsp.geotrust.com
0157;05-12-2013T13:33:52;fxfeeds.mozilla.com
0157;05-12-2013T13:33:52;www.lemonde.fr
0157;05-12-2013T13:33:52;rss.lemonde.fr
0157;05-12-2013T13:33:53;www.google.com
0157;05-12-2013T13:33:53;www.google.fr
0157;05-12-2013T13:33:54;clients1.google.com
0157;05-12-2013T13:33:55;portableapps.com
0157;05-12-2013T13:33:55;feeds.feedburner.com
0157;05-12-2013T13:34:03;clients1.google.com
0157;05-12-2013T13:34:05;www.google.fr
0157;05-12-2013T13:34:06;ocsp.tcs.terena.org
0157;05-12-2013T13:34:06;clients1.google.com
0157;05-12-2013T13:34:06;ocsp.usertrust.com
0157;05-12-2013T13:36:39;safebrowsing.clients.google.com
0157;05-12-2013T13:36:39;safebrowsing-cache.google.com
0157;05-12-2013T13:36:40;safebrowsing-cache.google.com
0157;05-12-2013T13:36:41;safebrowsing-cache.google.com
0157;05-12-2013T13:36:42;safebrowsing-cache.google.com
0157;05-12-2013T13:36:43;safebrowsing-cache.google.com
0157;05-12-2013T13:36:44;safebrowsing-cache.google.com
0157;05-12-2013T13:38:07;javadl-esd.sun.com
0157;05-12-2013T13:40:23;www.google.com
0157;05-12-2013T13:40:23;www.google.fr
0157;05-12-2013T13:40:26;clients1.google.com
0157;05-12-2013T13:40:46;clients1.google.com
0157;05-12-2013T13:40:47;clients1.google.com
0157;05-12-2013T13:40:48;clients1.google.com
0157;05-12-2013T13:41:06;www.google.com
0157;05-12-2013T13:41:06;www.google.fr
0157;05-12-2013T13:41:11;www.google.fr
0157;05-12-2013T13:41:12;www.cyclismo.org
0157;05-12-2013T13:41:13;www.cyclismo.org
0157;05-12-2013T13:41:13;i.creativecommons.org
0157;05-12-2013T13:41:14;www.google.com
0157;05-12-2013T13:41:14;hal9000.redintelligence.net
0157;05-12-2013T13:41:15;n36.hal9000.redintelligence.net
0157;05-12-2013T13:41:15;ocsp.thawte.com
0157;05-12-2013T13:41:15;ea.numericable.fr
0157;05-12-2013T13:41:15;rapidssl-ocsp.geotrust.com
0157;05-12-2013T13:41:16;www.cyclismo.org
0157;05-12-2013T13:46:48;www.ask.com
0157;05-12-2013T13:46:48;www.search.ask.com
0157;05-12-2013T13:46:48;apnstatic.ask.com
0157;05-12-2013T13:46:49;apnstatic.ask.com
0157;05-12-2013T13:46:50;apnstatic.ask.com
0157;05-12-2013T13:46:52;go.microsoft.com
0157;05-12-2013T13:46:53;www.iegallery.com
0157;05-12-2013T13:46:54;www.iegallery.com
0157;05-12-2013T13:46:55;www.iegallery.com
0157;05-12-2013T13:46:56;www.bing.com
0157;05-12-2013T13:48:55;fxfeeds.mozilla.com
0157;05-12-2013T13:48:55;www.lemonde.fr
0157;05-12-2013T13:48:55;rss.lemonde.fr
0157;05-12-2013T13:48:58;portableapps.com
0157;05-12-2013T13:48:58;feeds.feedburner.com
0157;05-12-2013T14:03:58;fxfeeds.mozilla.com
0157;05-12-2013T14:03:58;www.lemonde.fr
0157;05-12-2013T14:03:58;rss.lemonde.fr
0157;05-12-2013T14:04:01;portableapps.com
0157;05-12-2013T14:04:01;feeds.feedburner.com
0157;05-12-2013T14:08:00;safebrowsing.clients.google.com
0157;05-12-2013T14:08:00;safebrowsing-cache.google.com
0157;05-12-2013T14:08:01;safebrowsing-cache.google.com
0157;05-12-2013T14:08:02;safebrowsing-cache.google.com
0157;05-12-2013T14:08:04;safebrowsing-cache.google.com
0157;05-12-2013T14:09:06;safebrowsing-cache.google.com
0157;05-12-2013T14:09:07;safebrowsing-cache.google.com
0157;05-12-2013T14:09:08;safebrowsing-cache.google.com
0157;05-12-2013T14:19:01;fxfeeds.mozilla.com
0157;05-12-2013T14:19:01;www.lemonde.fr
0157;05-12-2013T14:19:01;rss.lemonde.fr
0157;05-12-2013T14:19:04;portableapps.com
0157;05-12-2013T14:19:04;feeds.feedburner.com
0157;05-12-2013T14:23:38;www.squid-cache.org
0157;05-12-2013T14:23:41;google.fr
0157;05-12-2013T14:23:42;www.google.fr
0157;05-12-2013T14:34:04;fxfeeds.mozilla.com
0157;05-12-2013T14:34:04;www.lemonde.fr
0157;05-12-2013T14:34:04;rss.lemonde.fr
0157;05-12-2013T14:34:07;portableapps.com
0157;05-12-2013T14:34:07;feeds.feedburner.com
0157;05-12-2013T14:39:16;safebrowsing.clients.google.com
0157;05-12-2013T14:39:16;safebrowsing-cache.google.com
0157;05-12-2013T14:39:17;safebrowsing-cache.google.com
0157;05-12-2013T14:39:18;safebrowsing-cache.google.com
0157;05-12-2013T14:39:19;safebrowsing-cache.google.com
0157;05-12-2013T14:39:20;safebrowsing-cache.google.com
0157;05-12-2013T14:39:34;www.google.fr
0157;05-12-2013T14:39:34;www.duclert.org
0157;05-12-2013T14:49:07;fxfeeds.mozilla.com
0157;05-12-2013T14:49:07;www.lemonde.fr
0157;05-12-2013T14:49:07;rss.lemonde.fr
0157;05-12-2013T14:49:10;portableapps.com
0157;05-12-2013T14:49:10;feeds.feedburner.com
0157;05-12-2013T14:57:15;www.google.com
0157;05-12-2013T14:57:15;www.google.fr
0157;05-12-2013T14:57:18;www.google.fr
0157;05-12-2013T14:57:18;fr.wikipedia.org
0157;05-12-2013T14:57:18;bits.wikimedia.org
0157;05-12-2013T14:57:19;bits.wikimedia.org
0157;05-12-2013T14:57:19;fr.wikipedia.org
0157;05-12-2013T14:57:19;meta.wikimedia.org
0157;05-12-2013T14:57:19;ocsp.digicert.com
0157;05-12-2013T14:57:38;clients1.google.com
0157;05-12-2013T14:57:38;gtglobal-ocsp.geotrust.com
0157;05-12-2013T14:57:41;clients1.google.com
0157;05-12-2013T15:03:12;www.google.fr
0157;05-12-2013T15:03:12;stat.ethz.ch
0157;05-12-2013T15:03:27;www.google.fr
0157;05-12-2013T15:03:29;www.r-tutor.com
0157;05-12-2013T15:03:30;www.r-tutor.com
0157;05-12-2013T15:03:31;www.r-tutor.com
0157;05-12-2013T15:04:10;fxfeeds.mozilla.com
0157;05-12-2013T15:04:10;www.lemonde.fr
0157;05-12-2013T15:04:10;rss.lemonde.fr
0157;05-12-2013T15:04:13;portableapps.com
0157;05-12-2013T15:04:14;feeds.feedburner.com
0157;05-12-2013T15:08:56;safebrowsing.clients.google.com
0157;05-12-2013T15:08:56;safebrowsing-cache.google.com
0157;05-12-2013T15:08:57;safebrowsing-cache.google.com
0157;05-12-2013T15:08:58;safebrowsing-cache.google.com
0157;05-12-2013T15:08:59;safebrowsing-cache.google.com
0157;05-12-2013T15:09:00;safebrowsing-cache.google.com
0157;05-12-2013T15:10:00;www.ask.com
0157;05-12-2013T15:10:00;www.search.ask.com
0157;05-12-2013T15:10:00;apnstatic.ask.com
0157;05-12-2013T15:10:01;apnstatic.ask.com
0157;05-12-2013T15:10:07;www.ask.com
0157;05-12-2013T15:10:07;www.search.ask.com
0157;05-12-2013T15:10:07;apnstatic.ask.com
0157;05-12-2013T15:10:42;www.google.com
0157;05-12-2013T15:10:42;www.google.fr
0157;05-12-2013T15:10:45;www.google.fr
0157;05-12-2013T15:10:45;geai.univ-brest.fr
0157;05-12-2013T15:11:09;geai.univ-brest.fr
0157;05-12-2013T15:19:13;fxfeeds.mozilla.com
0157;05-12-2013T15:19:13;www.lemonde.fr
0157;05-12-2013T15:19:13;rss.lemonde.fr
0157;05-12-2013T15:19:16;portableapps.com
0157;05-12-2013T15:19:16;feeds.feedburner.com
0157;05-12-2013T15:19:18;www.google.com
0157;05-12-2013T15:19:18;www.google.fr
0157;05-12-2013T15:19:28;www.google.fr
0157;05-12-2013T15:22:05;www.google.fr
0157;05-12-2013T13:33:53;geo.mozilla.org
0157;05-12-2013T13:35:44;sb-ssl.google.com
0157;05-12-2013T13:35:48;www.google.fr
0157;05-12-2013T13:35:48;apis.google.com
0157;05-12-2013T13:35:48;id.google.fr
0157;05-12-2013T13:35:48;www.google.com
0157;05-12-2013T13:40:49;0.drive.google.com
0157;05-12-2013T13:41:33;0.docs.google.com
0157;05-12-2013T13:41:37;0.drive.google.com
0157;05-12-2013T13:42:24;0.docs.google.com
0157;05-12-2013T13:42:27;0.drive.google.com
0157;05-12-2013T13:42:40;accounts.google.fr
0157;05-12-2013T13:42:40;accounts.youtube.com
0157;05-12-2013T13:42:40;accounts.google.co.ma
0157;05-12-2013T13:42:41;drive.google.com
0157;05-12-2013T13:42:43;www.google.com
0157;05-12-2013T13:42:43;drive.google.com
0157;05-12-2013T13:42:48;docs.google.com
0157;05-12-2013T13:43:02;plus.google.com
0157;05-12-2013T13:43:02;www.google.fr
0157;05-12-2013T13:43:14;0.docs.google.com
0157;05-12-2013T13:43:21;0.drive.google.com
0157;05-12-2013T13:43:27;clients2.google.com
0157;05-12-2013T13:43:28;accounts.google.com
0157;05-12-2013T13:43:28;clients6.google.com
0157;05-12-2013T13:43:28;apis.google.com
0157;05-12-2013T13:43:31;docs.google.com
0157;05-12-2013T13:43:32;docs.google.com
0157;05-12-2013T13:43:42;gg.google.com
0157;05-12-2013T13:44:05;0.docs.google.com
0157;05-12-2013T13:44:17;0.drive.google.com
0157;05-12-2013T13:44:23;www.google.fr
0157;05-12-2013T13:44:27;docs.google.com
0157;05-12-2013T13:44:43;drive.google.com
0157;05-12-2013T13:44:58;0.docs.google.com
0157;05-12-2013T13:45:07;0.drive.google.com
0157;05-12-2013T13:46:00;0.drive.google.com
0157;05-12-2013T13:46:33;0.docs.google.com
0157;05-12-2013T13:46:58;0.drive.google.com
0157;05-12-2013T13:47:25;0.docs.google.com
0157;05-12-2013T13:47:39;0.drive.google.com
0157;05-12-2013T13:47:46;ieonline.microsoft.com
0157;05-12-2013T13:48:19;0.docs.google.com
0157;05-12-2013T13:48:27;docs.google.com
0157;05-12-2013T13:48:35;0.drive.google.com
0157;05-12-2013T13:49:03;0.docs.google.com
0157;05-12-2013T13:49:31;0.drive.google.com
0157;05-12-2013T13:49:45;0.docs.google.com
0157;05-12-2013T13:50:26;0.drive.google.com
0157;05-12-2013T13:50:43;drive.google.com
0157;05-12-2013T13:50:52;0.docs.google.com
0157;05-12-2013T13:51:05;0.drive.google.com
0157;05-12-2013T13:51:29;0.docs.google.com
0157;05-12-2013T13:52:03;0.drive.google.com
0157;05-12-2013T13:52:11;0.docs.google.com
0157;05-12-2013T13:52:51;0.docs.google.com
0157;05-12-2013T13:52:59;0.drive.google.com
0157;05-12-2013T13:53:13;plus.google.com
0157;05-12-2013T13:53:39;0.docs.google.com
0157;05-12-2013T13:53:42;0.drive.google.com
0157;05-12-2013T13:54:18;plus.google.com
0157;05-12-2013T13:54:20;0.docs.google.com
0157;05-12-2013T13:54:36;0.drive.google.com
0157;05-12-2013T13:55:08;0.docs.google.com
0157;05-12-2013T13:55:27;0.drive.google.com
0157;05-12-2013T13:55:55;0.docs.google.com
0157;05-12-2013T13:56:20;0.drive.google.com
0157;05-12-2013T13:56:34;0.docs.google.com
0157;05-12-2013T13:57:19;0.drive.google.com
0157;05-12-2013T13:58:05;0.docs.google.com
0157;05-12-2013T13:58:12;0.drive.google.com
0157;05-12-2013T13:58:43;drive.google.com
0157;05-12-2013T13:59:10;0.drive.google.com
0157;05-12-2013T14:00:15;0.drive.google.com
0157;05-12-2013T14:00:15;0.docs.google.com
0157;05-12-2013T14:00:58;0.docs.google.com
0157;05-12-2013T14:01:10;0.drive.google.com
0157;05-12-2013T14:01:36;0.docs.google.com
0157;05-12-2013T14:02:02;0.drive.google.com
0157;05-12-2013T14:02:37;0.docs.google.com
0157;05-12-2013T14:02:41;0.drive.google.com
0157;05-12-2013T14:03:16;0.docs.google.com
0157;05-12-2013T14:03:23;plus.google.com
0157;05-12-2013T14:03:34;0.drive.google.com
0157;05-12-2013T14:04:19;0.docs.google.com
0157;05-12-2013T14:04:32;0.drive.google.com
0157;05-12-2013T14:04:43;drive.google.com
0157;05-12-2013T14:05:14;0.docs.google.com
0157;05-12-2013T14:05:23;0.drive.google.com
0157;05-12-2013T14:05:59;0.docs.google.com
0157;05-12-2013T14:06:10;0.drive.google.com
0157;05-12-2013T14:06:46;0.docs.google.com
0157;05-12-2013T14:07:01;0.drive.google.com
0157;05-12-2013T14:07:47;0.docs.google.com
0157;05-12-2013T14:07:59;0.drive.google.com
0157;05-12-2013T14:08:40;0.docs.google.com
0157;05-12-2013T14:08:42;0.drive.google.com
0157;05-12-2013T14:09:23;0.docs.google.com
0157;05-12-2013T14:09:34;0.drive.google.com
0157;05-12-2013T14:10:08;0.docs.google.com
0157;05-12-2013T14:10:29;0.drive.google.com
0157;05-12-2013T14:11:08;0.docs.google.com
0157;05-12-2013T14:11:22;0.drive.google.com
0157;05-12-2013T14:11:54;0.docs.google.com
0157;05-12-2013T14:12:09;0.drive.google.com
0157;05-12-2013T14:13:03;0.drive.google.com
0157;05-12-2013T14:13:05;0.docs.google.com
0157;05-12-2013T14:13:23;plus.google.com
0157;05-12-2013T14:13:57;0.drive.google.com
0157;05-12-2013T14:13:59;0.docs.google.com
0157;05-12-2013T14:14:02;docs.google.com
0157;05-12-2013T14:14:03;docs.google.com
0157;05-12-2013T14:14:42;0.drive.google.com
0157;05-12-2013T14:14:43;drive.google.com
0157;05-12-2013T14:14:48;0.docs.google.com
0157;05-12-2013T14:15:32;0.docs.google.com
0157;05-12-2013T14:15:38;0.drive.google.com
0157;05-12-2013T14:16:20;0.docs.google.com
0157;05-12-2013T14:16:31;0.drive.google.com
0157;05-12-2013T14:17:18;0.docs.google.com
0157;05-12-2013T14:17:25;0.drive.google.com
0157;05-12-2013T14:17:49;docs.google.com
0157;05-12-2013T14:18:12;0.drive.google.com
0157;05-12-2013T14:18:16;0.docs.google.com
0157;05-12-2013T14:19:01;0.docs.google.com
0157;05-12-2013T14:19:03;0.drive.google.com
0157;05-12-2013T14:19:47;0.docs.google.com
0157;05-12-2013T14:19:57;0.drive.google.com
0157;05-12-2013T14:20:43;0.drive.google.com
0157;05-12-2013T14:20:45;0.docs.google.com
0157;05-12-2013T14:21:34;0.drive.google.com
0157;05-12-2013T14:21:41;0.docs.google.com
0157;05-12-2013T14:22:19;0.docs.google.com
0157;05-12-2013T14:22:27;0.drive.google.com
0157;05-12-2013T14:23:13;0.docs.google.com
0157;05-12-2013T14:23:21;0.drive.google.com
0157;05-12-2013T14:23:23;plus.google.com
0157;05-12-2013T14:23:59;0.docs.google.com
0157;05-12-2013T14:24:14;0.drive.google.com
0157;05-12-2013T14:24:59;0.docs.google.com
0157;05-12-2013T14:25:10;0.drive.google.com
0157;05-12-2013T14:25:38;plus.google.com
0157;05-12-2013T14:25:41;www.google.fr
0157;05-12-2013T14:25:56;0.docs.google.com
0157;05-12-2013T14:26:04;0.drive.google.com
0157;05-12-2013T14:26:39;0.docs.google.com
0157;05-12-2013T14:27:14;0.drive.google.com
0157;05-12-2013T14:27:28;0.docs.google.com
0157;05-12-2013T14:28:06;0.drive.google.com
0157;05-12-2013T14:28:31;0.docs.google.com
0157;05-12-2013T14:29:00;0.drive.google.com
0157;05-12-2013T14:29:25;0.docs.google.com
0157;05-12-2013T14:29:53;0.drive.google.com
0157;05-12-2013T14:30:11;0.docs.google.com
0157;05-12-2013T14:30:43;drive.google.com
0157;05-12-2013T14:30:48;0.drive.google.com
0157;05-12-2013T14:30:55;0.docs.google.com
0157;05-12-2013T14:31:33;0.docs.google.com
0157;05-12-2013T14:31:41;0.drive.google.com
0157;05-12-2013T14:32:11;0.docs.google.com
0157;05-12-2013T14:32:31;0.drive.google.com
0157;05-12-2013T14:33:15;0.docs.google.com
0157;05-12-2013T14:33:24;plus.google.com
0157;05-12-2013T14:33:44;0.drive.google.com
0157;05-12-2013T14:33:54;0.docs.google.com
0157;05-12-2013T14:34:31;0.docs.google.com
0157;05-12-2013T14:34:42;0.drive.google.com
0157;05-12-2013T14:35:17;0.docs.google.com
0157;05-12-2013T14:35:37;0.drive.google.com
0157;05-12-2013T14:36:10;www.google.fr
0157;05-12-2013T14:36:14;www.google.fr
0157;05-12-2013T14:36:27;0.docs.google.com
0157;05-12-2013T14:36:39;0.drive.google.com
0157;05-12-2013T14:36:42;plus.google.com
0157;05-12-2013T14:37:22;docs.google.com
0157;05-12-2013T14:37:23;0.docs.google.com
0157;05-12-2013T14:37:28;docs.google.com
0157;05-12-2013T14:37:30;0.drive.google.com
0157;05-12-2013T14:38:14;0.docs.google.com
0157;05-12-2013T14:38:26;0.drive.google.com
0157;05-12-2013T14:38:51;0.docs.google.com
0157;05-12-2013T14:39:12;0.drive.google.com
0157;05-12-2013T14:39:48;0.docs.google.com
0157;05-12-2013T14:40:03;0.drive.google.com
0157;05-12-2013T14:40:46;0.docs.google.com
0157;05-12-2013T14:40:56;0.drive.google.com
0157;05-12-2013T14:41:26;www.google.fr
0157;05-12-2013T14:41:27;www.google.fr
0157;05-12-2013T14:41:29;0.docs.google.com
0157;05-12-2013T14:41:48;0.drive.google.com
0157;05-12-2013T14:42:17;0.docs.google.com
0157;05-12-2013T14:42:45;0.drive.google.com
0157;05-12-2013T14:42:55;plus.google.com
0157;05-12-2013T14:43:17;0.docs.google.com
0157;05-12-2013T14:43:45;0.drive.google.com
0157;05-12-2013T14:44:10;0.docs.google.com
0157;05-12-2013T14:44:37;0.drive.google.com
0157;05-12-2013T14:45:03;0.docs.google.com
0157;05-12-2013T14:45:19;0.drive.google.com
0157;05-12-2013T14:45:28;docs.google.com
0157;05-12-2013T14:45:49;plus.google.com
0157;05-12-2013T14:46:09;0.docs.google.com
0157;05-12-2013T14:46:12;0.drive.google.com
0157;05-12-2013T14:47:03;0.drive.google.com
0157;05-12-2013T14:47:05;0.docs.google.com
0157;05-12-2013T14:47:36;docs.google.com
0157;05-12-2013T14:47:49;0.drive.google.com
0157;05-12-2013T14:47:57;0.docs.google.com
0157;05-12-2013T14:48:47;0.drive.google.com
0157;05-12-2013T14:48:53;0.docs.google.com
0157;05-12-2013T14:49:38;0.docs.google.com
0157;05-12-2013T14:49:40;0.drive.google.com
0157;05-12-2013T14:50:33;0.docs.google.com
0157;05-12-2013T14:50:34;0.drive.google.com
0157;05-12-2013T14:51:31;0.docs.google.com
0157;05-12-2013T14:51:39;docs.google.com
0157;05-12-2013T14:51:43;0.drive.google.com
0157;05-12-2013T14:52:21;0.docs.google.com
0157;05-12-2013T14:52:39;0.drive.google.com
0157;05-12-2013T14:52:56;plus.google.com
0157;05-12-2013T14:53:12;0.docs.google.com
0157;05-12-2013T14:53:32;0.drive.google.com
0157;05-12-2013T14:54:01;0.docs.google.com
0157;05-12-2013T14:54:19;0.drive.google.com
0157;05-12-2013T14:54:43;drive.google.com
0157;05-12-2013T14:54:58;0.docs.google.com
0157;05-12-2013T14:55:13;0.drive.google.com
0157;05-12-2013T14:55:30;docs.google.com
0157;05-12-2013T14:55:47;0.docs.google.com
0157;05-12-2013T14:55:49;plus.google.com
0157;05-12-2013T14:56:06;0.drive.google.com
0157;05-12-2013T14:56:30;0.docs.google.com
0157;05-12-2013T14:56:52;0.drive.google.com
0157;05-12-2013T14:57:27;0.docs.google.com
0157;05-12-2013T14:57:47;0.drive.google.com
0157;05-12-2013T14:58:11;0.docs.google.com
0157;05-12-2013T14:58:19;login.wikimedia.org
0157;05-12-2013T14:58:20;fr.wikipedia.org
0157;05-12-2013T14:58:38;0.drive.google.com
0157;05-12-2013T14:58:54;0.docs.google.com
0157;05-12-2013T14:59:11;plus.google.com
0157;05-12-2013T14:59:31;www.google.fr
0157;05-12-2013T14:59:37;www.google.fr
0157;05-12-2013T14:59:37;0.drive.google.com
0157;05-12-2013T14:59:59;0.docs.google.com
0157;05-12-2013T15:00:44;0.drive.google.com
0157;05-12-2013T15:00:50;0.docs.google.com
0157;05-12-2013T15:01:36;0.drive.google.com
0157;05-12-2013T15:01:45;0.docs.google.com
0157;05-12-2013T15:02:28;docs.google.com
0157;05-12-2013T15:02:29;0.drive.google.com
0157;05-12-2013T15:02:42;0.docs.google.com
0157;05-12-2013T15:02:56;plus.google.com
0157;05-12-2013T15:03:19;0.drive.google.com
0157;05-12-2013T15:03:34;0.docs.google.com
0157;05-12-2013T15:04:13;0.drive.google.com
0157;05-12-2013T15:04:18;0.docs.google.com
0157;05-12-2013T15:05:01;0.docs.google.com
0157;05-12-2013T15:05:04;www.google.fr
0157;05-12-2013T15:05:05;0.drive.google.com
0157;05-12-2013T15:05:49;plus.google.com
0157;05-12-2013T15:05:55;0.drive.google.com
0157;05-12-2013T15:06:01;0.docs.google.com
0157;05-12-2013T15:06:44;0.docs.google.com
0157;05-12-2013T15:06:52;0.drive.google.com
0157;05-12-2013T15:07:26;0.docs.google.com
0157;05-12-2013T15:07:48;0.drive.google.com
0157;05-12-2013T15:08:32;0.docs.google.com
0157;05-12-2013T15:08:38;0.drive.google.com
0157;05-12-2013T15:09:11;0.docs.google.com
0157;05-12-2013T15:09:51;0.drive.google.com
0157;05-12-2013T15:10:02;0.docs.google.com
0157;05-12-2013T15:10:48;0.drive.google.com
0157;05-12-2013T15:10:58;0.docs.google.com
0157;05-12-2013T15:11:19;docs.google.com
0157;05-12-2013T15:11:28;docs.google.com
0157;05-12-2013T15:11:47;0.drive.google.com
0157;05-12-2013T15:11:55;0.docs.google.com
0157;05-12-2013T15:12:39;www.google.fr
0157;05-12-2013T15:12:53;0.docs.google.com
0157;05-12-2013T15:12:56;plus.google.com
0157;05-12-2013T15:12:57;0.drive.google.com
0157;05-12-2013T15:13:47;0.docs.google.com
0157;05-12-2013T15:13:54;0.drive.google.com
0157;05-12-2013T15:14:46;0.docs.google.com
0157;05-12-2013T15:14:49;0.drive.google.com
0157;05-12-2013T15:15:37;0.docs.google.com
0157;05-12-2013T15:15:45;0.drive.google.com
0157;05-12-2013T15:15:49;plus.google.com
0157;05-12-2013T15:16:17;0.docs.google.com
0157;05-12-2013T15:16:41;0.drive.google.com
0157;05-12-2013T15:17:07;0.docs.google.com
0157;05-12-2013T15:17:39;0.drive.google.com
0157;05-12-2013T15:17:56;0.docs.google.com
0157;05-12-2013T15:18:33;0.drive.google.com
0157;05-12-2013T15:18:51;0.docs.google.com
0157;05-12-2013T15:19:17;0.drive.google.com
0157;05-12-2013T15:19:28;docs.google.com
0157;05-12-2013T15:19:48;0.docs.google.com
0157;05-12-2013T15:20:16;0.drive.google.com
0157;05-12-2013T15:20:42;0.docs.google.com
0157;05-12-2013T15:21:06;0.drive.google.com
0157;05-12-2013T15:21:21;www.google.fr
0157;05-12-2013T15:21:39;0.docs.google.com
0157;05-12-2013T15:22:04;0.drive.google.com
0157;05-12-2013T15:22:22;0.docs.google.com
0157;05-12-2013T15:22:56;plus.google.com
0157;05-12-2013T15:23:12;0.drive.google.com
0157;05-12-2013T15:23:21;0.docs.google.com
0157;05-12-2013T15:24:04;0.drive.google.com
0157;05-12-2013T15:24:59;0.drive.google.com
0157;05-12-2013T15:25:29;0.docs.google.com
0157;05-12-2013T15:25:44;0.drive.google.com
0157;05-12-2013T15:25:50;plus.google.com
0157;05-12-2013T15:26:14;0.docs.google.com
0157;05-12-2013T15:26:37;0.drive.google.com
0157;05-12-2013T15:27:10;0.docs.google.com
0157;05-12-2013T15:27:33;0.drive.google.com
0157;05-12-2013T15:28:03;0.docs.google.com
0157;05-12-2013T15:28:23;0.drive.google.com
0157;05-12-2013T15:28:27;0.docs.google.com
0157;05-12-2013T15:28:27;docs.google.com
0157;05-12-2013T15:28:27;0.drive.google.com
0157;05-12-2013T15:28:35;drive.google.com
0157;06-12-2013T19:45:58;armmf.adobe.com
0157;06-12-2013T19:45:59;armdl.adobe.com
0157;06-12-2013T19:45:55;armmf.adobe.com
0157;06-12-2013T19:50:44;javadl-esd-secure.oracle.com
0157;09-12-2013T10:39:18;google.fr
0157;09-12-2013T10:39:18;www.google.fr
0157;09-12-2013T10:39:18;clients1.google.fr
0157;09-12-2013T10:39:21;www.google.fr
0157;09-12-2013T10:39:32;clients1.google.fr
0157;09-12-2013T10:39:33;clients1.google.fr
0157;09-12-2013T10:39:34;www.google.fr
0157;09-12-2013T10:39:35;clients1.google.fr
0157;09-12-2013T10:39:36;www.google.fr
0157;09-12-2013T10:39:37;clients1.google.com
0157;09-12-2013T10:39:37;gtglobal-ocsp.geotrust.com
0157;09-12-2013T10:39:37;ocsp.tcs.terena.org
0157;09-12-2013T10:39:37;ocsp.usertrust.com
0157;09-12-2013T10:39:37;ocsp.comodoca.com
0157;09-12-2013T11:00:02;clients1.google.com
0157;09-12-2013T11:00:03;gtglobal-ocsp.geotrust.com
0157;09-12-2013T11:00:03;ocsp.tcs.terena.org
0157;09-12-2013T11:00:07;ocsp.usertrust.com
0157;09-12-2013T11:00:07;ocsp.comodoca.com
0157;09-12-2013T11:01:18;clients1.google.com
0157;09-12-2013T11:01:18;safebrowsing.clients.google.com
0157;09-12-2013T11:01:18;safebrowsing-cache.google.com
0157;09-12-2013T11:01:19;safebrowsing-cache.google.com
0157;09-12-2013T11:01:20;safebrowsing-cache.google.com
0157;09-12-2013T11:01:21;safebrowsing-cache.google.com
0157;09-12-2013T11:01:22;safebrowsing-cache.google.com
0157;09-12-2013T11:02:23;safebrowsing-cache.google.com
0157;09-12-2013T11:02:24;safebrowsing-cache.google.com
0157;09-12-2013T11:02:25;safebrowsing-cache.google.com
0157;09-12-2013T11:02:26;safebrowsing-cache.google.com
0157;09-12-2013T11:13:38;codekata.pragprog.com
0157;09-12-2013T11:13:39;codekata.pragprog.com
0157;09-12-2013T11:13:39;static.typepad.com
0157;09-12-2013T11:13:40;static.typepad.com
0157;09-12-2013T11:13:40;up4.typepad.com
0157;09-12-2013T11:13:41;match.rtbidder.net
0157;09-12-2013T11:13:41;ce.lijit.com
0157;09-12-2013T11:13:41;www.typepad.com
0157;09-12-2013T11:13:41;um.simpli.fi
0157;09-12-2013T11:13:41;lijit2waycm.netmng.com
0157;09-12-2013T11:13:42;lijit2waycm.netmng.com
0157;09-12-2013T11:13:42;casale-match.dotomi.com
0157;09-12-2013T11:13:42;ce.lijit.com
0157;09-12-2013T11:13:42;www.facebook.com
0157;09-12-2013T11:13:42;dtm.potterybarn.com
0157;09-12-2013T11:13:43;codekata.pragprog.com
0157;09-12-2013T11:13:46;codekata.pragprog.com
0157;09-12-2013T11:13:47;6a.typepad.com
0157;09-12-2013T11:14:02;docs.codehaus.org
0157;09-12-2013T11:14:03;docs.codehaus.org
0157;09-12-2013T11:14:04;i.creativecommons.org
0157;09-12-2013T11:14:04;docs.codehaus.org
0157;09-12-2013T11:14:05;docs.codehaus.org
0157;09-12-2013T11:14:06;docs.codehaus.org
0157;09-12-2013T11:14:24;docs.codehaus.org
0157;09-12-2013T11:14:44;docs.codehaus.org
0157;09-12-2013T11:15:04;docs.codehaus.org
0157;09-12-2013T11:15:24;docs.codehaus.org
0157;09-12-2013T11:15:44;docs.codehaus.org
0157;09-12-2013T11:15:49;docs.codehaus.org
0157;09-12-2013T11:15:50;docs.codehaus.org
0157;09-12-2013T11:15:51;docs.codehaus.org
0157;09-12-2013T11:15:52;docs.codehaus.org
0157;09-12-2013T11:15:52;i.creativecommons.org
0157;09-12-2013T11:15:53;docs.codehaus.org
0157;09-12-2013T11:15:54;docs.codehaus.org
0157;09-12-2013T11:16:13;docs.codehaus.org
0157;09-12-2013T11:16:33;docs.codehaus.org
0157;09-12-2013T11:16:53;docs.codehaus.org
0157;09-12-2013T11:17:13;docs.codehaus.org
0157;09-12-2013T11:17:33;docs.codehaus.org
0157;09-12-2013T11:17:53;docs.codehaus.org
0157;09-12-2013T11:18:13;docs.codehaus.org
0157;09-12-2013T11:18:33;docs.codehaus.org
0157;09-12-2013T11:18:53;docs.codehaus.org
0157;09-12-2013T11:19:13;docs.codehaus.org
0157;09-12-2013T11:19:22;www.google.com
0157;09-12-2013T11:19:22;clients1.google.com
0157;09-12-2013T11:19:25;www.google.com
0157;09-12-2013T11:19:33;docs.codehaus.org
0157;09-12-2013T11:19:53;docs.codehaus.org
0157;09-12-2013T11:20:13;docs.codehaus.org
0157;09-12-2013T11:20:33;docs.codehaus.org
0157;09-12-2013T11:20:53;docs.codehaus.org
0157;09-12-2013T11:21:01;www.google.com
0157;09-12-2013T11:21:02;ocsp.digicert.com
0157;09-12-2013T11:21:03;ocsp.godaddy.com
0157;09-12-2013T11:21:13;docs.codehaus.org
0157;09-12-2013T11:21:33;docs.codehaus.org
0157;09-12-2013T11:21:53;docs.codehaus.org
0157;09-12-2013T11:22:13;docs.codehaus.org
0157;09-12-2013T11:22:33;docs.codehaus.org
0157;09-12-2013T11:22:53;docs.codehaus.org
0157;09-12-2013T11:23:13;docs.codehaus.org
0157;09-12-2013T11:23:33;docs.codehaus.org
0157;09-12-2013T11:23:53;docs.codehaus.org
0157;09-12-2013T11:24:13;docs.codehaus.org
0157;09-12-2013T11:24:33;docs.codehaus.org
0157;09-12-2013T11:24:53;docs.codehaus.org
0157;09-12-2013T11:25:13;docs.codehaus.org
0157;09-12-2013T11:25:33;docs.codehaus.org
0157;09-12-2013T11:25:53;docs.codehaus.org
0157;09-12-2013T11:26:13;docs.codehaus.org
0157;09-12-2013T11:26:33;docs.codehaus.org
0157;09-12-2013T11:26:53;docs.codehaus.org
0157;09-12-2013T11:27:13;docs.codehaus.org
0157;09-12-2013T11:27:53;docs.codehaus.org
0157;09-12-2013T11:28:33;docs.codehaus.org
0157;09-12-2013T11:29:13;docs.codehaus.org
0157;09-12-2013T11:29:38;docs.codehaus.org
0157;09-12-2013T11:29:45;docs.codehaus.org
0157;09-12-2013T11:29:46;docs.codehaus.org
0157;09-12-2013T11:29:47;docs.codehaus.org
0157;09-12-2013T11:29:48;docs.codehaus.org
0157;09-12-2013T11:29:49;docs.codehaus.org
0157;09-12-2013T11:29:50;docs.codehaus.org
0157;09-12-2013T11:29:56;docs.codehaus.org
0157;09-12-2013T11:29:57;docs.codehaus.org
0157;09-12-2013T11:30:50;users.csc.calpoly.edu
0157;09-12-2013T11:30:50;today.java.net
0157;09-12-2013T11:30:50;www.java.net
0157;09-12-2013T11:30:51;svrsecure-oracle-ocsp.verisign.com
0157;09-12-2013T11:30:52;www.java.net
0157;09-12-2013T11:30:54;users.csc.calpoly.edu
0157;09-12-2013T11:33:54;safebrowsing.clients.google.com
0157;09-12-2013T11:33:54;safebrowsing-cache.google.com
0157;09-12-2013T11:33:55;safebrowsing-cache.google.com
0157;09-12-2013T11:33:56;safebrowsing-cache.google.com
0157;09-12-2013T11:33:57;safebrowsing-cache.google.com
0157;09-12-2013T11:33:58;safebrowsing-cache.google.com
0157;09-12-2013T11:33:59;safebrowsing-cache.google.com
0157;09-12-2013T11:34:59;safebrowsing-cache.google.com
0157;09-12-2013T11:35:00;safebrowsing-cache.google.com
0157;09-12-2013T11:35:01;safebrowsing-cache.google.com
0157;09-12-2013T11:44:23;docs.codehaus.org
0157;09-12-2013T11:44:25;docs.codehaus.org
0157;09-12-2013T11:44:35;docs.codehaus.org
0157;09-12-2013T11:44:36;docs.codehaus.org
0157;09-12-2013T11:44:37;docs.codehaus.org
0157;09-12-2013T11:44:38;docs.codehaus.org
0157;09-12-2013T11:44:51;docs.codehaus.org
0157;09-12-2013T11:44:52;docs.codehaus.org
0157;09-12-2013T11:45:12;docs.codehaus.org
0157;09-12-2013T11:45:30;docs.codehaus.org
0157;09-12-2013T11:45:31;docs.codehaus.org
0157;09-12-2013T11:45:32;docs.codehaus.org
0157;09-12-2013T11:45:40;docs.codehaus.org
0157;09-12-2013T11:45:41;docs.codehaus.org
0157;09-12-2013T11:45:42;docs.codehaus.org
0157;09-12-2013T11:45:46;docs.codehaus.org
0157;09-12-2013T11:45:56;docs.codehaus.org
0157;09-12-2013T11:45:57;docs.codehaus.org
0157;09-12-2013T11:45:58;docs.codehaus.org
0157;09-12-2013T11:46:17;docs.codehaus.org
0157;09-12-2013T11:46:38;docs.codehaus.org
0157;09-12-2013T11:46:58;docs.codehaus.org
0157;09-12-2013T11:47:18;docs.codehaus.org
0157;09-12-2013T11:47:26;docs.codehaus.org
0157;09-12-2013T11:47:27;docs.codehaus.org
0157;09-12-2013T11:47:28;docs.codehaus.org
0157;09-12-2013T11:47:38;docs.codehaus.org
0157;09-12-2013T11:47:39;docs.codehaus.org
0157;09-12-2013T11:47:40;docs.codehaus.org
0157;09-12-2013T11:48:00;docs.codehaus.org
0157;09-12-2013T11:48:06;docs.codehaus.org
0157;09-12-2013T11:48:26;docs.codehaus.org
0157;09-12-2013T11:48:46;docs.codehaus.org
0157;09-12-2013T11:49:06;docs.codehaus.org
0157;09-12-2013T11:49:26;docs.codehaus.org
0157;09-12-2013T11:49:46;docs.codehaus.org
0157;09-12-2013T11:50:06;docs.codehaus.org
0157;09-12-2013T11:50:26;docs.codehaus.org
0157;09-12-2013T11:50:46;docs.codehaus.org
0157;09-12-2013T11:51:06;docs.codehaus.org
0157;09-12-2013T11:51:26;docs.codehaus.org
0157;09-12-2013T11:51:46;docs.codehaus.org
0157;09-12-2013T11:52:06;docs.codehaus.org
0157;09-12-2013T11:52:26;docs.codehaus.org
0157;09-12-2013T11:52:28;docs.codehaus.org
0157;09-12-2013T11:52:29;docs.codehaus.org
0157;09-12-2013T11:52:30;docs.codehaus.org
0157;09-12-2013T11:52:32;docs.codehaus.org
0157;09-12-2013T11:52:33;docs.codehaus.org
0157;09-12-2013T11:52:34;docs.codehaus.org
0157;09-12-2013T11:52:44;docs.codehaus.org
0157;09-12-2013T11:52:46;docs.codehaus.org
0157;09-12-2013T11:52:54;docs.codehaus.org
0157;09-12-2013T11:53:06;docs.codehaus.org
0157;09-12-2013T11:53:14;docs.codehaus.org
0157;09-12-2013T11:53:26;docs.codehaus.org
0157;09-12-2013T11:53:34;docs.codehaus.org
0157;09-12-2013T11:53:46;docs.codehaus.org
0157;09-12-2013T11:53:54;docs.codehaus.org
0157;09-12-2013T11:54:06;docs.codehaus.org
0157;09-12-2013T11:54:14;docs.codehaus.org
0157;09-12-2013T11:54:26;docs.codehaus.org
0157;09-12-2013T11:54:34;docs.codehaus.org
0157;09-12-2013T11:54:46;docs.codehaus.org
0157;09-12-2013T11:54:54;docs.codehaus.org
0157;09-12-2013T11:55:06;docs.codehaus.org
0157;09-12-2013T11:55:14;docs.codehaus.org
0157;09-12-2013T11:55:26;docs.codehaus.org
0157;09-12-2013T11:55:34;docs.codehaus.org
0157;09-12-2013T11:55:46;docs.codehaus.org
0157;09-12-2013T11:55:54;docs.codehaus.org
0157;09-12-2013T11:56:06;docs.codehaus.org
0157;09-12-2013T11:56:14;docs.codehaus.org
0157;09-12-2013T11:56:26;docs.codehaus.org
0157;09-12-2013T11:56:34;docs.codehaus.org
0157;09-12-2013T11:56:46;docs.codehaus.org
0157;09-12-2013T11:56:54;docs.codehaus.org
0157;09-12-2013T11:57:06;docs.codehaus.org
0157;09-12-2013T11:57:14;docs.codehaus.org
0157;09-12-2013T11:57:26;docs.codehaus.org
0157;09-12-2013T11:57:34;docs.codehaus.org
0157;09-12-2013T11:57:46;docs.codehaus.org
0157;09-12-2013T11:57:54;docs.codehaus.org
0157;09-12-2013T11:58:06;docs.codehaus.org
0157;09-12-2013T11:58:09;docs.codehaus.org
0157;09-12-2013T11:58:11;docs.codehaus.org
0157;09-12-2013T11:58:12;docs.codehaus.org
0157;09-12-2013T11:58:13;docs.codehaus.org
0157;09-12-2013T11:58:24;docs.codehaus.org
0157;09-12-2013T11:58:25;docs.codehaus.org
0157;09-12-2013T11:58:26;docs.codehaus.org
0157;09-12-2013T11:58:46;docs.codehaus.org
0157;09-12-2013T11:58:59;docs.codehaus.org
0157;09-12-2013T11:59:00;docs.codehaus.org
0157;09-12-2013T11:59:01;docs.codehaus.org
0157;09-12-2013T11:59:06;docs.codehaus.org
0157;09-12-2013T11:59:08;docs.codehaus.org
0157;09-12-2013T11:59:10;docs.codehaus.org
0157;09-12-2013T11:59:12;docs.codehaus.org
0157;09-12-2013T11:59:13;docs.codehaus.org
0157;09-12-2013T11:59:26;docs.codehaus.org
0157;09-12-2013T11:59:32;docs.codehaus.org
0157;09-12-2013T11:59:46;docs.codehaus.org
0157;09-12-2013T11:59:52;docs.codehaus.org
0157;09-12-2013T12:00:03;docs.codehaus.org
0157;09-12-2013T12:00:06;docs.codehaus.org
0157;09-12-2013T12:00:11;docs.codehaus.org
0157;09-12-2013T12:00:12;docs.codehaus.org
0157;09-12-2013T12:00:13;docs.codehaus.org
0157;09-12-2013T12:00:26;docs.codehaus.org
0157;09-12-2013T12:00:33;docs.codehaus.org
0157;09-12-2013T12:00:46;docs.codehaus.org
0157;09-12-2013T12:00:52;docs.codehaus.org
0157;09-12-2013T12:01:06;docs.codehaus.org
0157;09-12-2013T12:01:12;docs.codehaus.org
0157;09-12-2013T12:01:26;docs.codehaus.org
0157;09-12-2013T12:01:30;docs.codehaus.org
0157;09-12-2013T12:01:33;docs.codehaus.org
0157;09-12-2013T12:01:34;docs.codehaus.org
0157;09-12-2013T12:01:35;docs.codehaus.org
0157;09-12-2013T12:01:36;docs.codehaus.org
0157;09-12-2013T12:01:39;docs.codehaus.org
0157;09-12-2013T12:01:40;docs.codehaus.org
0157;09-12-2013T12:01:41;docs.codehaus.org
0157;09-12-2013T12:01:46;docs.codehaus.org
0157;09-12-2013T12:01:53;docs.codehaus.org
0157;09-12-2013T12:02:00;docs.codehaus.org
0157;09-12-2013T12:02:06;docs.codehaus.org
0157;09-12-2013T12:02:17;docs.codehaus.org
0157;09-12-2013T12:02:18;docs.codehaus.org
0157;09-12-2013T12:02:19;docs.codehaus.org
0157;09-12-2013T12:02:26;docs.codehaus.org
0157;09-12-2013T12:02:38;docs.codehaus.org
0157;09-12-2013T12:02:46;docs.codehaus.org
0157;09-12-2013T12:02:58;docs.codehaus.org
0157;09-12-2013T12:03:06;docs.codehaus.org
0157;09-12-2013T12:03:18;docs.codehaus.org
0157;09-12-2013T12:03:26;docs.codehaus.org
0157;09-12-2013T12:03:38;docs.codehaus.org
0157;09-12-2013T12:03:42;docs.codehaus.org
0157;09-12-2013T12:03:45;docs.codehaus.org
0157;09-12-2013T12:03:46;docs.codehaus.org
0157;09-12-2013T12:03:47;docs.codehaus.org
0157;09-12-2013T12:04:06;docs.codehaus.org
0157;09-12-2013T12:04:16;docs.codehaus.org
0157;09-12-2013T12:04:17;docs.codehaus.org
0157;09-12-2013T12:04:18;docs.codehaus.org
0157;09-12-2013T12:04:19;docs.codehaus.org
0157;09-12-2013T12:04:26;docs.codehaus.org
0157;09-12-2013T12:04:38;docs.codehaus.org
0157;09-12-2013T12:04:46;docs.codehaus.org
0157;09-12-2013T12:04:58;docs.codehaus.org
0157;09-12-2013T12:05:06;docs.codehaus.org
0157;09-12-2013T12:05:18;docs.codehaus.org
0157;09-12-2013T12:05:26;docs.codehaus.org
0157;09-12-2013T12:05:38;docs.codehaus.org
0157;09-12-2013T12:05:46;docs.codehaus.org
0157;09-12-2013T12:05:58;docs.codehaus.org
0157;09-12-2013T12:06:06;docs.codehaus.org
0157;09-12-2013T12:06:11;ocsp.tcs.terena.org
0157;09-12-2013T12:06:11;ocsp.usertrust.com
0157;09-12-2013T12:06:12;ocsp.comodoca.com
0157;09-12-2013T12:06:16;safebrowsing.clients.google.com
0157;09-12-2013T12:06:16;safebrowsing-cache.google.com
0157;09-12-2013T12:06:17;safebrowsing-cache.google.com
0157;09-12-2013T12:06:18;safebrowsing-cache.google.com
0157;09-12-2013T12:06:18;docs.codehaus.org
0157;09-12-2013T12:06:19;safebrowsing-cache.google.com
0157;09-12-2013T12:06:20;safebrowsing-cache.google.com
0157;09-12-2013T12:06:38;docs.codehaus.org
0157;09-12-2013T12:06:46;docs.codehaus.org
0157;09-12-2013T12:06:58;docs.codehaus.org
0157;09-12-2013T12:07:16;docs.codehaus.org
0157;09-12-2013T12:07:18;docs.codehaus.org
0157;09-12-2013T12:07:21;safebrowsing-cache.google.com
0157;09-12-2013T12:07:22;safebrowsing-cache.google.com
0157;09-12-2013T12:07:23;safebrowsing-cache.google.com
0157;09-12-2013T12:07:24;safebrowsing-cache.google.com
0157;09-12-2013T12:07:38;docs.codehaus.org
0157;09-12-2013T12:07:46;docs.codehaus.org
0157;09-12-2013T12:07:47;docs.codehaus.org
0157;09-12-2013T12:07:48;docs.codehaus.org
0157;09-12-2013T12:08:01;docs.codehaus.org
0157;09-12-2013T12:08:02;docs.codehaus.org
0157;09-12-2013T12:08:03;docs.codehaus.org
0157;09-12-2013T12:08:22;docs.codehaus.org
0157;09-12-2013T12:08:42;docs.codehaus.org
0157;09-12-2013T12:09:02;docs.codehaus.org
0157;09-12-2013T12:09:22;docs.codehaus.org
0157;09-12-2013T12:09:42;docs.codehaus.org
0157;09-12-2013T12:10:02;docs.codehaus.org
0157;09-12-2013T12:10:22;docs.codehaus.org
0157;09-12-2013T12:10:42;docs.codehaus.org
0157;09-12-2013T12:11:02;docs.codehaus.org
0157;09-12-2013T12:11:22;docs.codehaus.org
0157;09-12-2013T12:11:42;docs.codehaus.org
0157;09-12-2013T12:12:03;docs.codehaus.org
0157;09-12-2013T12:12:23;docs.codehaus.org
0157;09-12-2013T12:12:42;docs.codehaus.org
0157;09-12-2013T11:05:18;sb-ssl.google.com
0157;09-12-2013T11:21:12;github.com
0157;09-12-2013T11:21:12;github.global.ssl.fastly.net
0157;09-12-2013T11:21:13;github.global.ssl.fastly.net
0157;09-12-2013T11:24:04;1.gravatar.com
0157;09-12-2013T11:31:02;www.java.net
0157;10-12-2013T13:43:38;go.microsoft.com
0157;10-12-2013T13:43:38;www.iegallery.com
0157;10-12-2013T13:43:39;www.iegallery.com
0157;10-12-2013T13:43:42;www.bing.com
0157;10-12-2013T13:43:58;googlr.fr
0157;10-12-2013T13:43:58;www.google.com
0157;10-12-2013T13:44:00;googlr.fr
0157;10-12-2013T13:44:04;google.fr
0157;10-12-2013T13:44:04;www.google.fr
0157;10-12-2013T13:45:01;www.google.fr
0157;10-12-2013T13:45:01;pierre.colomb.me
0157;10-12-2013T13:45:03;pierre.colomb.me
0157;10-12-2013T13:45:04;pierre.colomb.me
0157;10-12-2013T13:45:07;pierre.colomb.me
0157;10-12-2013T13:45:16;pierre.colomb.me
0157;10-12-2013T13:46:57;pierre.colomb.me
0157;10-12-2013T13:47:02;pierre.colomb.me
0157;10-12-2013T13:53:05;google.fr
0157;10-12-2013T13:53:05;www.google.fr
0157;10-12-2013T13:53:12;google.fr
0157;10-12-2013T13:53:12;www.google.fr
0157;10-12-2013T13:53:14;google.fr
0157;10-12-2013T13:53:14;www.google.fr
0157;10-12-2013T13:53:52;www.google.fr
0157;10-12-2013T13:53:52;www.liafa.jussieu.fr
0157;10-12-2013T13:53:54;www.foxitsoftware.com
0157;10-12-2013T13:53:56;www.google.fr
0157;10-12-2013T13:53:56;mindsized.org
0157;10-12-2013T13:53:58;www.foxitsoftware.com
0157;10-12-2013T13:53:58;ad.foxitsoftware.com
0157;10-12-2013T13:53:59;ad.foxitsoftware.com
0157;10-12-2013T13:54:13;www.foxitsoftware.com
0157;10-12-2013T13:54:13;ad.foxitsoftware.com
0157;10-12-2013T13:54:16;www.foxitsoftware.com
0157;10-12-2013T13:54:16;ad.foxitsoftware.com
0157;10-12-2013T13:54:22;google.fr
0157;10-12-2013T13:54:22;www.google.fr
0157;10-12-2013T13:55:12;www.google.fr
0157;10-12-2013T13:55:13;www.developpez.net
0157;10-12-2013T13:55:13;ajax.googleapis.com
0157;10-12-2013T13:55:13;www.google.com
0157;10-12-2013T13:55:13;premium.hi-mediaserver.com
0157;10-12-2013T13:55:14;www.developpez.net
0157;10-12-2013T13:55:30;www.google.fr
0157;10-12-2013T13:55:31;www.foxitsoftware.com
0157;10-12-2013T13:55:31;www.labri.fr
0157;10-12-2013T13:55:32;ad.foxitsoftware.com
0157;10-12-2013T14:02:17;gmail3.com
0157;10-12-2013T14:02:17;ww25.gmail3.com
0157;10-12-2013T14:02:18;ww25.gmail3.com
0157;10-12-2013T14:02:18;www.google.com
0157;10-12-2013T14:02:18;ajax.googleapis.com
0157;10-12-2013T14:02:19;ww25.gmail3.com
0157;10-12-2013T14:02:21;gmail.com
0157;10-12-2013T14:02:21;mail.google.com
0157;10-12-2013T14:04:16;www.foxitsoftware.com
0157;10-12-2013T14:04:16;ad.foxitsoftware.com
0157;10-12-2013T14:06:20;mangahere.com
0157;10-12-2013T14:06:20;www.mangahere.com
0157;10-12-2013T14:06:20;connect.facebook.net
0157;10-12-2013T14:06:21;www.facebook.com
0157;10-12-2013T14:06:22;www.facebook.com
0157;10-12-2013T14:06:23;www.facebook.com
0157;10-12-2013T14:06:23;www.google.com
0157;10-12-2013T14:06:23;ajax.googleapis.com
0157;10-12-2013T14:06:24;static.ak.facebook.com
0157;10-12-2013T14:06:24;platform.twitter.com
0157;10-12-2013T14:06:30;www.mangahere.com
0157;10-12-2013T14:06:30;www.facebook.com
0157;10-12-2013T14:06:31;www.facebook.com
0157;10-12-2013T14:06:32;imgn.dt07.net
0157;10-12-2013T14:06:33;www.facebook.com
0157;10-12-2013T14:06:34;sam.zebestof.com
0157;10-12-2013T14:06:34;www.google.com
0157;10-12-2013T14:06:35;w.sharethis.com
0157;10-12-2013T14:06:35;www.mangahere.com
0157;10-12-2013T14:06:35;connect.facebook.net
0157;10-12-2013T14:06:36;www.mangahere.com
0157;10-12-2013T14:06:36;static.ak.facebook.com
0157;10-12-2013T14:06:38;edge.sharethis.com
0157;10-12-2013T14:06:38;w.sharethis.com
0157;10-12-2013T14:06:38;wd.sharethis.com
0157;10-12-2013T14:06:39;w.sharethis.com
0157;10-12-2013T14:06:40;static.ak.facebook.com
0157;10-12-2013T14:06:40;www.mangahere.com
0157;10-12-2013T14:06:41;www.mangahere.com
0157;10-12-2013T14:06:43;www.mangahere.com
0157;10-12-2013T14:06:45;www.mangahere.com
0157;10-12-2013T14:06:45;www.facebook.com
0157;10-12-2013T14:06:46;www.facebook.com
0157;10-12-2013T14:06:46;imgn.dt07.net
0157;10-12-2013T14:06:47;sam.zebestof.com
0157;10-12-2013T14:06:47;um.simpli.fi
0157;10-12-2013T14:06:48;w.sharethis.com
0157;10-12-2013T14:06:48;www.mangahere.com
0157;10-12-2013T14:06:49;match.rtbidder.net
0157;10-12-2013T14:06:49;connect.facebook.net
0157;10-12-2013T14:06:49;static.ak.facebook.com
0157;10-12-2013T14:06:56;www.mangahere.com
0157;10-12-2013T14:06:56;pool-eu-ie.creative-serving.com
0157;10-12-2013T14:06:56;www.facebook.com
0157;10-12-2013T14:06:57;www.facebook.com
0157;10-12-2013T14:06:58;imgn.dt07.net
0157;10-12-2013T14:06:59;imgn.dt07.net
0157;10-12-2013T14:07:02;w.sharethis.com
0157;10-12-2013T14:07:02;www.mangahere.com
0157;10-12-2013T14:07:02;sam.zebestof.com
0157;10-12-2013T14:07:03;match.rtbidder.net
0157;10-12-2013T14:07:03;rp.gwallet.com
0157;10-12-2013T14:07:04;connect.facebook.net
0157;10-12-2013T14:07:04;static.ak.facebook.com
0157;10-12-2013T14:07:05;pr.ybp.yahoo.com
0157;10-12-2013T14:07:06;www.mangahere.com
0157;10-12-2013T14:07:07;www.facebook.com
0157;10-12-2013T14:07:08;rp.gwallet.com
0157;10-12-2013T14:07:08;imgn.dt07.net
0157;10-12-2013T14:07:10;rbp.mxptint.net
0157;10-12-2013T14:07:10;cpmserve.s3-website-us-west-1.amazonaws.com
0157;10-12-2013T14:07:11;op.trpxl.com
0157;10-12-2013T14:07:12;rubicon-match.dotomi.com
0157;10-12-2013T14:07:12;w.sharethis.com
0157;10-12-2013T14:07:12;www.mangahere.com
0157;10-12-2013T14:07:12;connect.facebook.net
0157;10-12-2013T14:07:13;rubicon-match.dotomi.com
0157;10-12-2013T14:07:13;static.ak.facebook.com
0157;10-12-2013T14:07:13;dtm.express.com
0157;10-12-2013T14:07:13;www.mangahere.com
0157;10-12-2013T14:07:14;www.facebook.com
0157;10-12-2013T14:07:15;www.facebook.com
0157;10-12-2013T14:07:15;imgn.dt07.net
0157;10-12-2013T14:07:16;cpmserve.s3-website-us-west-1.amazonaws.com
0157;10-12-2013T14:07:16;op.trpxl.com
0157;10-12-2013T14:07:17;w.sharethis.com
0157;10-12-2013T14:07:17;www.mangahere.com
0157;10-12-2013T14:07:17;connect.facebook.net
0157;10-12-2013T14:07:17;cdnjs.cloudflare.com
0157;10-12-2013T14:07:17;ajax.googleapis.com
0157;10-12-2013T14:07:17;static.ak.facebook.com
0157;10-12-2013T14:07:18;player.anyclip.com
0157;10-12-2013T14:07:18;www.mangahere.com
0157;10-12-2013T14:07:20;edge.sharethis.com
0157;10-12-2013T14:07:20;w.sharethis.com
0157;10-12-2013T14:07:20;wd.sharethis.com
0157;10-12-2013T14:14:22;www.mangahere.com
0157;10-12-2013T14:17:19;www.google.fr
0157;10-12-2013T14:17:20;infolab.stanford.edu
0157;10-12-2013T14:17:44;www.foxitsoftware.com
0157;10-12-2013T14:17:44;ad.foxitsoftware.com
0157;10-12-2013T14:18:02;www.google.fr
0157;10-12-2013T14:18:03;en.wikipedia.org
0157;10-12-2013T14:18:03;bits.wikimedia.org
0157;10-12-2013T14:18:04;bits.wikimedia.org
0157;10-12-2013T14:18:04;en.wikipedia.org
0157;10-12-2013T14:44:21;www.google.com
0157;10-12-2013T14:44:22;www.google.fr
0157;10-12-2013T14:44:22;www.google.co.ma
0157;10-12-2013T13:44:18;www.google.fr
0157;10-12-2013T13:44:22;www.google.com
0157;10-12-2013T13:44:38;www.google.com
0157;10-12-2013T13:44:57;ieonline.microsoft.com
0157;10-12-2013T13:53:31;www.google.fr
0157;10-12-2013T13:53:32;www.google.fr
0157;10-12-2013T13:53:35;www.google.com
0157;10-12-2013T13:53:56;www.google.com
0157;10-12-2013T13:55:15;www.google.com
0157;10-12-2013T13:59:17;www.google.fr
0157;10-12-2013T13:59:18;www.google.fr
0157;10-12-2013T14:02:36;accounts.google.com
0157;10-12-2013T14:03:01;accounts.youtube.com
0157;10-12-2013T14:03:01;accounts.google.co.ma
0157;10-12-2013T14:03:01;accounts.google.fr
0157;10-12-2013T14:03:04;mail.google.com
0157;10-12-2013T14:03:06;accounts.google.com
0157;10-12-2013T14:03:06;accounts.google.co.ma
0157;10-12-2013T14:03:07;accounts.google.fr
0157;10-12-2013T14:03:08;mail.google.com
0157;10-12-2013T14:03:11;mail.google.com
0157;10-12-2013T14:03:11;clients2.google.com
0157;10-12-2013T14:03:11;www.google.com
0157;10-12-2013T14:03:11;apis.google.com
0157;10-12-2013T14:03:11;plus.google.com
0157;10-12-2013T14:03:12;mail.google.com
0157;10-12-2013T14:03:13;plus.google.com
0157;10-12-2013T14:03:13;apis.google.com
0157;10-12-2013T14:03:14;accounts.google.com
0157;10-12-2013T14:03:16;apis.google.com
0157;10-12-2013T14:03:16;mail.google.com
0157;10-12-2013T14:03:17;mail.google.com
0157;10-12-2013T14:03:18;plus.google.com
0157;10-12-2013T14:03:18;mail.google.com
0157;10-12-2013T14:03:19;chatenabled.mail.google.com
0157;10-12-2013T14:03:19;apis.google.com
0157;10-12-2013T14:03:19;b.mail.google.com
0157;10-12-2013T14:03:20;apis.google.com
0157;10-12-2013T14:03:26;chatenabled.mail.google.com
0157;10-12-2013T14:03:27;apis.google.com
0157;10-12-2013T14:03:27;plus.google.com
0157;10-12-2013T14:03:28;mail.google.com
0157;10-12-2013T14:03:36;plus.google.com
0157;10-12-2013T14:03:36;mail.google.com
0157;10-12-2013T14:03:47;plus.google.com
0157;10-12-2013T14:05:10;mail.google.com
0157;10-12-2013T14:05:31;plus.google.com
0157;10-12-2013T14:05:31;apis.google.com
0157;10-12-2013T14:05:32;mail.google.com
0157;10-12-2013T14:05:40;plus.google.com
0157;10-12-2013T14:05:52;docs.google.com
0157;10-12-2013T14:06:12;mail.google.com
0157;10-12-2013T14:06:14;mail.google.com
0157;10-12-2013T14:06:30;docs.google.com
0157;10-12-2013T14:06:30;plus.google.com
0157;10-12-2013T14:06:30;mail.google.com
0157;10-12-2013T14:06:33;s-static.ak.facebook.com
0157;10-12-2013T14:06:35;accounts.google.com
0157;10-12-2013T14:06:37;twitter.com
0157;10-12-2013T14:06:38;accounts.google.com
0157;10-12-2013T14:06:38;apis.google.com
0157;10-12-2013T14:06:39;apis.google.com
0157;10-12-2013T14:06:39;accounts.google.com
0157;10-12-2013T14:06:40;www.facebook.com
0157;10-12-2013T14:06:40;twitter.com
0157;10-12-2013T14:06:43;s-static.ak.facebook.com
0157;10-12-2013T14:06:45;s-static.ak.facebook.com
0157;10-12-2013T14:06:49;s-static.ak.facebook.com
0157;10-12-2013T14:06:55;www.facebook.com
0157;10-12-2013T14:07:01;www.facebook.com
0157;10-12-2013T14:07:04;s-static.ak.facebook.com
0157;10-12-2013T14:07:05;www.facebook.com
0157;10-12-2013T14:07:06;fbstatic-a.akamaihd.net
0157;10-12-2013T14:07:07;d1zdqwv4o6pivl.cloudfront.net
0157;10-12-2013T14:07:11;mail.google.com
0157;10-12-2013T14:07:12;mail.google.com
0157;10-12-2013T14:07:13;s-static.ak.facebook.com
0157;10-12-2013T14:07:13;www.facebook.com
0157;10-12-2013T14:07:18;s-static.ak.facebook.com
0157;10-12-2013T14:07:19;mail.google.com
0157;10-12-2013T14:07:20;apis.google.com
0157;10-12-2013T14:07:20;accounts.google.com
0157;10-12-2013T14:07:21;www.facebook.com
0157;10-12-2013T14:07:28;fbstatic-a.akamaihd.net
0157;10-12-2013T14:07:29;fbstatic-a.akamaihd.net
0157;10-12-2013T14:08:23;mail.google.com
0157;10-12-2013T14:08:40;www.facebook.com
0157;10-12-2013T14:10:38;accounts.google.com
0157;10-12-2013T14:10:51;mail.google.com
0157;10-12-2013T14:12:18;mail.google.com
0157;10-12-2013T14:12:19;mail.google.com
0157;10-12-2013T14:13:17;mail.google.com
0157;10-12-2013T14:13:18;plus.google.com
0157;10-12-2013T14:13:23;plus.google.com
0157;10-12-2013T14:13:57;mail.google.com
0157;10-12-2013T14:14:19;b.mail.google.com
0157;10-12-2013T14:15:01;mail.google.com
0157;10-12-2013T14:17:37;mail.google.com
0157;10-12-2013T14:20:06;mail.google.com
0157;10-12-2013T14:22:49;mail.google.com
0157;10-12-2013T14:22:58;mail.google.com
0157;10-12-2013T14:23:07;www.google.fr
0157;10-12-2013T14:23:08;www.google.fr
0157;10-12-2013T14:23:20;www.google.fr
0157;10-12-2013T14:23:56;b.mail.google.com
0157;10-12-2013T14:33:58;mail.google.com
0157;10-12-2013T14:34:16;b.mail.google.com
0157;10-12-2013T14:39:16;mail.google.com
0157;10-12-2013T14:42:58;mail.google.com
0157;10-12-2013T14:43:56;mail.google.com
0157;10-12-2013T14:44:05;b.mail.google.com
0157;10-12-2013T14:44:18;b.mail.google.com
0157;10-12-2013T14:44:22;mail.google.com
0157;10-12-2013T14:44:22;accounts.google.com
0157;10-12-2013T14:44:23;accounts.google.fr
0157;10-12-2013T14:44:23;accounts.google.co.ma
0157;10-12-2013T14:44:23;accounts.google.com
0157;10-12-2013T14:44:51;accounts.youtube.com
0157;12-12-2013T13:37:26;go.microsoft.com
0157;12-12-2013T13:37:26;www.iegallery.com
0157;12-12-2013T13:37:27;www.iegallery.com
0157;12-12-2013T13:37:30;www.bing.com
0157;12-12-2013T13:37:31;www.bing.com
0157;12-12-2013T13:37:32;www.bing.com
0157;12-12-2013T13:37:33;www.bing.com
0157;12-12-2013T13:37:33;cms.abmr.net
0157;12-12-2013T13:40:00;www.bing.com
0157;12-12-2013T13:40:20;gtssl-ocsp.geotrust.com
0157;12-12-2013T13:40:21;clients1.google.com
0157;12-12-2013T13:40:21;gtglobal-ocsp.geotrust.com
0157;12-12-2013T13:40:24;fxfeeds.mozilla.com
0157;12-12-2013T13:40:24;www.lemonde.fr
0157;12-12-2013T13:40:24;rss.lemonde.fr
0157;12-12-2013T13:40:27;portableapps.com
0157;12-12-2013T13:40:27;feeds.feedburner.com
0157;12-12-2013T13:40:28;www.google.com
0157;12-12-2013T13:40:28;www.google.fr
0157;12-12-2013T13:40:28;www.bing.com
0157;12-12-2013T13:40:29;clients1.google.com
0157;12-12-2013T13:40:29;javadl-esd.sun.com
0157;12-12-2013T13:40:30;javadl-esd.sun.com
0157;12-12-2013T13:40:30;www.google.fr
0157;12-12-2013T13:40:30;ocsp.tcs.terena.org
0157;12-12-2013T13:40:30;clients1.google.com
0157;12-12-2013T13:40:30;ocsp.usertrust.com
0157;12-12-2013T13:40:33;ocsp.comodoca.com
0157;12-12-2013T13:41:04;www.bing.com
0157;12-12-2013T13:41:04;2593244.r.msn.com
0157;12-12-2013T13:41:05;code.jquery.com
0157;12-12-2013T13:41:08;www.bing.com
0157;12-12-2013T13:41:50;www.google.com
0157;12-12-2013T13:41:51;www.google.fr
0157;12-12-2013T13:41:54;clients1.google.com
0157;12-12-2013T13:42:04;clients1.google.com
0157;12-12-2013T13:42:05;clients1.google.com
0157;12-12-2013T13:42:06;clients1.google.com
0157;12-12-2013T13:42:50;safebrowsing.clients.google.com
0157;12-12-2013T13:42:50;safebrowsing-cache.google.com
0157;12-12-2013T13:42:51;safebrowsing-cache.google.com
0157;12-12-2013T13:42:52;safebrowsing-cache.google.com
0157;12-12-2013T13:42:53;safebrowsing-cache.google.com
0157;12-12-2013T13:42:54;safebrowsing-cache.google.com
0157;12-12-2013T13:53:26;www.google.com
0157;12-12-2013T13:53:26;www.google.fr
0157;12-12-2013T13:53:31;www.google.com
0157;12-12-2013T13:53:31;www.google.fr
0157;12-12-2013T13:53:42;clients1.google.com
0157;12-12-2013T13:53:58;www.google.fr
0157;12-12-2013T13:53:59;sis.univ-tln.fr
0157;12-12-2013T13:54:08;www.google.fr
0157;12-12-2013T13:54:08;sis.univ-tln.fr
0157;12-12-2013T13:55:02;www.google.com
0157;12-12-2013T13:55:02;www.google.fr
0157;12-12-2013T13:55:04;www.google.fr
0157;12-12-2013T13:55:04;www1.montpellier.inra.fr
0157;12-12-2013T13:55:27;fxfeeds.mozilla.com
0157;12-12-2013T13:55:27;www.lemonde.fr
0157;12-12-2013T13:55:27;rss.lemonde.fr
0157;12-12-2013T13:55:30;portableapps.com
0157;12-12-2013T13:55:30;feeds.feedburner.com
0157;12-12-2013T13:58:38;www.google.com
0157;12-12-2013T13:58:38;www.google.fr
0157;12-12-2013T13:58:41;www.google.fr
0157;12-12-2013T13:58:41;pbil.univ-lyon1.fr
0157;12-12-2013T13:58:41;www.google.com
0157;12-12-2013T14:10:30;fxfeeds.mozilla.com
0157;12-12-2013T14:10:30;www.lemonde.fr
0157;12-12-2013T14:10:30;rss.lemonde.fr
0157;12-12-2013T14:10:33;portableapps.com
0157;12-12-2013T14:10:33;feeds.feedburner.com
0157;12-12-2013T14:11:48;www.google.com
0157;12-12-2013T14:11:48;www.google.fr
0157;12-12-2013T14:12:06;www.google.fr
0157;12-12-2013T14:12:06;cran.r-project.org
0157;12-12-2013T14:12:54;safebrowsing.clients.google.com
0157;12-12-2013T14:12:54;safebrowsing-cache.google.com
0157;12-12-2013T14:12:55;safebrowsing-cache.google.com
0157;12-12-2013T14:12:58;safebrowsing-cache.google.com
0157;12-12-2013T14:12:59;safebrowsing-cache.google.com
0157;12-12-2013T14:14:00;safebrowsing-cache.google.com
0157;12-12-2013T14:14:01;safebrowsing-cache.google.com
0157;12-12-2013T14:14:02;safebrowsing-cache.google.com
0157;12-12-2013T14:15:18;www.google.fr
0157;12-12-2013T14:15:18;pbil.univ-lyon1.fr
0157;12-12-2013T14:15:24;www.google.fr
0157;12-12-2013T14:15:59;www.google.fr
0157;12-12-2013T14:15:59;www1.montpellier.inra.fr
0157;12-12-2013T14:16:30;www.google.fr
0157;12-12-2013T14:16:31;s0.wp.com
0157;12-12-2013T14:16:31;1.gravatar.com
0157;12-12-2013T14:16:31;s2.wp.com
0157;12-12-2013T14:16:31;gastonsanchez.wordpress.com
0157;12-12-2013T14:16:32;gastonsanchez.files.wordpress.com
0157;12-12-2013T14:16:32;s1.wp.com
0157;12-12-2013T14:16:32;0.gravatar.com
0157;12-12-2013T14:16:32;s0.wp.com
0157;12-12-2013T14:17:43;www.google.fr
0157;12-12-2013T14:17:43;www.univ-orleans.fr
0157;12-12-2013T14:19:50;www.google.com
0157;12-12-2013T14:19:50;www.google.fr
0157;12-12-2013T14:19:53;www.google.fr
0157;12-12-2013T14:19:53;en.wikipedia.org
0157;12-12-2013T14:19:53;bits.wikimedia.org
0157;12-12-2013T14:19:54;bits.wikimedia.org
0157;12-12-2013T14:19:55;login.wikimedia.org
0157;12-12-2013T14:19:55;bits.wikimedia.org
0157;12-12-2013T14:19:55;meta.wikimedia.org
0157;12-12-2013T14:20:30;reverso.net
0157;12-12-2013T14:20:31;www.reverso.net
0157;12-12-2013T14:20:31;ajax.googleapis.com
0157;12-12-2013T14:20:31;cdn2.reverso.net
0157;12-12-2013T14:20:31;api.conduit.com
0157;12-12-2013T14:20:32;cdn2.reverso.net
0157;12-12-2013T14:20:32;ajax.googleapis.com
0157;12-12-2013T14:20:32;connect.facebook.net
0157;12-12-2013T14:20:32;static.ak.facebook.com
0157;12-12-2013T14:20:32;www.google.com
0157;12-12-2013T14:20:37;www.reverso.net
0157;12-12-2013T14:20:37;cdn2.reverso.net
0157;12-12-2013T14:20:38;www.reverso.net
0157;12-12-2013T14:20:38;cdn2.reverso.net
0157;12-12-2013T14:20:38;static.ak.facebook.com
0157;12-12-2013T14:20:38;dictionnaire.reverso.net
0157;12-12-2013T14:20:38;ajax.googleapis.com
0157;12-12-2013T14:20:39;match.rtbidder.net
0157;12-12-2013T14:20:39;hal9000.redintelligence.net
0157;12-12-2013T14:20:40;hal9000.redintelligence.net
0157;12-12-2013T14:20:40;rp.gwallet.com
0157;12-12-2013T14:20:40;n4.hal9000.redintelligence.net
0157;12-12-2013T14:20:40;banniere.reussissonsensemble.fr
0157;12-12-2013T14:20:40;ea.numericable.fr
0157;12-12-2013T14:20:40;www.facebook.com
0157;12-12-2013T14:21:34;hal9000.redintelligence.net
0157;12-12-2013T14:25:33;fxfeeds.mozilla.com
0157;12-12-2013T14:25:33;www.lemonde.fr
0157;12-12-2013T14:25:33;rss.lemonde.fr
0157;12-12-2013T14:25:36;portableapps.com
0157;12-12-2013T14:25:36;feeds.feedburner.com
0157;12-12-2013T14:30:22;pbil.univ-lyon1.fr
0157;12-12-2013T14:31:04;www.google.com
0157;12-12-2013T14:31:04;www.google.fr
0157;12-12-2013T14:31:13;www.google.fr
0157;12-12-2013T14:31:15;www.duclert.org
0157;12-12-2013T14:31:16;www.duclert.org
0157;12-12-2013T14:31:22;www.google.fr
0157;12-12-2013T14:31:23;www.statmethods.net
0157;12-12-2013T14:34:33;www.google.com
0157;12-12-2013T14:34:33;www.google.fr
0157;12-12-2013T14:34:44;pbil.univ-lyon1.fr
0157;12-12-2013T14:34:52;www.google.fr
0157;12-12-2013T14:34:58;www.r-project.org
0157;12-12-2013T14:35:10;cran.r-project.org
0157;12-12-2013T14:35:30;www.google.fr
0157;12-12-2013T14:35:31;media.wiley.com
0157;12-12-2013T14:35:32;media.wiley.com
0157;12-12-2013T14:35:33;media.wiley.com
0157;12-12-2013T14:35:33;wiley-dummies.disqus.com
0157;12-12-2013T14:35:33;go.disqus.com
0157;12-12-2013T14:35:33;clients1.google.com
0157;12-12-2013T14:35:33;disqus.com
0157;12-12-2013T14:35:34;www.google.fr
0157;12-12-2013T14:35:34;um.simpli.fi
0157;12-12-2013T14:35:34;media.wiley.com
0157;12-12-2013T14:35:34;apis.google.com
0157;12-12-2013T14:35:34;stat.ethz.ch
0157;12-12-2013T14:35:34;disqus.com
0157;12-12-2013T14:35:35;disqus.com
0157;12-12-2013T14:35:35;widgets.pinterest.com
0157;12-12-2013T14:40:36;fxfeeds.mozilla.com
0157;12-12-2013T14:40:36;www.lemonde.fr
0157;12-12-2013T14:40:36;rss.lemonde.fr
0157;12-12-2013T14:40:39;portableapps.com
0157;12-12-2013T14:40:39;feeds.feedburner.com
0157;12-12-2013T14:40:40;www.google.com
0157;12-12-2013T14:40:40;www.google.fr
0157;12-12-2013T14:40:45;www.google.fr
0157;12-12-2013T14:40:45;pbil.univ-lyon1.fr
0157;12-12-2013T14:44:24;www.google.com
0157;12-12-2013T14:44:24;www.google.fr
0157;12-12-2013T14:44:27;www.google.fr
0157;12-12-2013T14:44:27;pbil.univ-lyon1.fr
0157;12-12-2013T14:44:32;safebrowsing.clients.google.com
0157;12-12-2013T14:44:32;safebrowsing-cache.google.com
0157;12-12-2013T14:44:33;safebrowsing-cache.google.com
0157;12-12-2013T14:44:34;safebrowsing-cache.google.com
0157;12-12-2013T14:44:35;safebrowsing-cache.google.com
0157;12-12-2013T14:44:36;safebrowsing-cache.google.com
0157;12-12-2013T14:44:37;safebrowsing-cache.google.com
0157;12-12-2013T14:51:47;armmf.adobe.com
0157;12-12-2013T14:51:49;armdl.adobe.com
0157;12-12-2013T14:52:40;gtssl-ocsp.geotrust.com
0157;12-12-2013T14:52:41;clients1.google.com
0157;12-12-2013T14:52:41;gtglobal-ocsp.geotrust.com
0157;12-12-2013T14:52:42;gtssl-ocsp.geotrust.com
0157;12-12-2013T14:52:43;clients1.google.com
0157;12-12-2013T14:52:46;clients1.google.com
0157;12-12-2013T14:53:29;www.google.fr
0157;12-12-2013T14:53:30;ocsp.tcs.terena.org
0157;12-12-2013T14:53:30;clients1.google.com
0157;12-12-2013T14:53:30;ocsp.usertrust.com
0157;12-12-2013T14:53:41;gtssl-ocsp.geotrust.com
0157;12-12-2013T14:54:38;ocsp.thawte.com
0157;12-12-2013T14:55:47;safebrowsing.clients.google.com
0157;12-12-2013T14:55:47;safebrowsing-cache.google.com
0157;12-12-2013T14:55:48;safebrowsing-cache.google.com
0157;12-12-2013T14:56:29;clients1.google.com
0157;12-12-2013T14:56:37;clients1.google.com
0157;12-12-2013T14:56:37;ocsp.digicert.com
0157;12-12-2013T14:56:38;ocsp.digicert.com
0157;12-12-2013T14:56:41;clients1.google.com
0157;12-12-2013T14:56:42;clients1.google.com
0157;12-12-2013T14:58:06;www.google.fr
0157;12-12-2013T14:58:06;stat.ethz.ch
0157;12-12-2013T14:58:07;stat.ethz.ch
0157;12-12-2013T14:58:30;www.google.fr
0157;12-12-2013T14:58:31;www.score.org
0157;12-12-2013T14:58:31;safebrowsing.clients.google.com
0157;12-12-2013T14:58:31;img.youtube.com
0157;12-12-2013T14:58:31;maps.google.com
0157;12-12-2013T14:58:31;score.org
0157;12-12-2013T14:58:32;score.org
0157;12-12-2013T14:58:32;www.score.org
0157;12-12-2013T14:58:33;www.youtube.com
0157;12-12-2013T14:58:33;meltwaternews.com
0157;12-12-2013T14:58:34;www.score.org
0157;12-12-2013T14:58:34;meltwaternews.com
0157;12-12-2013T14:58:38;maps.googleapis.com
0157;12-12-2013T14:58:38;ocsp.verisign.com
0157;12-12-2013T14:58:39;ocsp.verisign.com
0157;12-12-2013T14:58:40;www.google.fr
0157;12-12-2013T14:58:40;pbil.univ-lyon1.fr
0157;12-12-2013T14:58:41;pbil.univ-lyon1.fr
0157;12-12-2013T15:00:19;eric.univ-lyon2.fr
0157;12-12-2013T15:00:45;www.google.fr
0157;12-12-2013T15:00:56;pbil.univ-lyon1.fr
0157;12-12-2013T15:00:57;pbil.univ-lyon1.fr
0157;12-12-2013T15:00:57;www.google.com
0157;12-12-2013T15:00:59;www.google.fr
0157;12-12-2013T15:01:07;pbil.univ-lyon1.fr
0157;12-12-2013T15:01:18;pbil.univ-lyon1.fr
0157;12-12-2013T15:01:19;pbil.univ-lyon1.fr
0157;12-12-2013T15:02:05;dl.javafx.com
0157;12-12-2013T15:16:49;www.google.fr
0157;12-12-2013T15:16:57;reverso.net
0157;12-12-2013T15:16:57;www.reverso.net
0157;12-12-2013T15:16:57;ajax.googleapis.com
0157;12-12-2013T15:16:57;cdn2.reverso.net
0157;12-12-2013T15:16:57;api.conduit.com
0157;12-12-2013T15:16:57;connect.facebook.net
0157;12-12-2013T15:16:58;static.ak.facebook.com
0157;12-12-2013T15:16:58;www.google.com
0157;12-12-2013T15:16:59;id.impressiondesk.com
0157;12-12-2013T15:16:59;www.facebook.com
0157;12-12-2013T15:17:02;match.rtbidder.net
0157;12-12-2013T15:17:02;cdn2.reverso.net
0157;12-12-2013T15:17:02;www.reverso.net
0157;12-12-2013T15:17:03;cdn2.reverso.net
0157;12-12-2013T15:17:03;www.reverso.net
0157;12-12-2013T15:17:03;static.ak.facebook.com
0157;12-12-2013T15:17:06;www.facebook.com
0157;12-12-2013T15:17:34;www.google.fr
0157;12-12-2013T15:25:21;gmail.com
0157;12-12-2013T15:25:21;mail.google.com
0157;12-12-2013T15:25:22;clients1.google.com
0157;12-12-2013T15:26:28;safebrowsing.clients.google.com
0157;12-12-2013T15:26:28;safebrowsing-cache.google.com
0157;12-12-2013T15:26:29;safebrowsing-cache.google.com
0157;12-12-2013T15:26:30;safebrowsing-cache.google.com
0157;12-12-2013T15:29:56;www.google.com
0157;12-12-2013T15:29:57;www.google.fr
0157;12-12-2013T15:29:57;www.google.com
0157;12-12-2013T15:29:57;www.google.co.ma
0157;12-12-2013T15:29:58;www.google.co.ma
0157;12-12-2013T13:37:33;login.live.com
0157;12-12-2013T13:38:39;ieonline.microsoft.com
0157;12-12-2013T13:40:14;login.live.com
0157;12-12-2013T13:40:25;geo.mozilla.org
0157;12-12-2013T13:40:28;ssl.bing.com
0157;12-12-2013T13:41:05;ssl.bing.com
0157;12-12-2013T13:42:07;0.drive.google.com
0157;12-12-2013T13:42:17;sb-ssl.google.com
0157;12-12-2013T13:42:18;0.docs.google.com
0157;12-12-2013T13:43:01;0.drive.google.com
0157;12-12-2013T13:43:16;0.docs.google.com
0157;12-12-2013T13:43:48;www.google.fr
0157;12-12-2013T13:43:50;www.google.fr
0157;12-12-2013T13:43:56;0.drive.google.com
0157;12-12-2013T13:44:00;accounts.google.fr
0157;12-12-2013T13:44:00;accounts.youtube.com
0157;12-12-2013T13:44:00;accounts.google.co.ma
0157;12-12-2013T13:44:01;drive.google.com
0157;12-12-2013T13:44:03;www.google.com
0157;12-12-2013T13:44:03;drive.google.com
0157;12-12-2013T13:44:04;plus.google.com
0157;12-12-2013T13:44:08;0.docs.google.com
0157;12-12-2013T13:44:08;docs.google.com
0157;12-12-2013T13:44:13;clients2.google.com
0157;12-12-2013T13:44:14;accounts.google.com
0157;12-12-2013T13:44:15;clients6.google.com
0157;12-12-2013T13:44:15;apis.google.com
0157;12-12-2013T13:44:28;docs.google.com
0157;12-12-2013T13:44:29;docs.google.com
0157;12-12-2013T13:44:53;0.drive.google.com
0157;12-12-2013T13:45:01;gg.google.com
0157;12-12-2013T13:45:05;0.docs.google.com
0157;12-12-2013T13:45:13;docs.google.com
0157;12-12-2013T13:45:34;0.drive.google.com
0157;12-12-2013T13:45:49;0.docs.google.com
0157;12-12-2013T13:46:01;drive.google.com
0157;12-12-2013T13:46:28;0.drive.google.com
0157;12-12-2013T13:46:44;0.docs.google.com
0157;12-12-2013T13:47:24;0.drive.google.com
0157;12-12-2013T13:47:35;0.docs.google.com
0157;12-12-2013T13:48:13;docs.google.com
0157;12-12-2013T13:48:22;0.drive.google.com
0157;12-12-2013T13:48:29;0.docs.google.com
0157;12-12-2013T13:49:24;0.docs.google.com
0157;12-12-2013T13:49:25;0.drive.google.com
0157;12-12-2013T13:50:06;drive.google.com
0157;12-12-2013T13:50:22;0.drive.google.com
0157;12-12-2013T13:50:22;0.docs.google.com
0157;12-12-2013T13:51:13;0.docs.google.com
0157;12-12-2013T13:51:15;0.drive.google.com
0157;12-12-2013T13:52:02;drive.google.com
0157;12-12-2013T13:52:07;0.docs.google.com
0157;12-12-2013T13:52:09;0.drive.google.com
0157;12-12-2013T13:53:03;0.docs.google.com
0157;12-12-2013T13:53:06;0.drive.google.com
0157;12-12-2013T13:53:31;plus.google.com
0157;12-12-2013T13:53:57;0.docs.google.com
0157;12-12-2013T13:54:00;0.drive.google.com
0157;12-12-2013T13:54:05;plus.google.com
0157;12-12-2013T13:54:53;0.drive.google.com
0157;12-12-2013T13:54:54;0.docs.google.com
0157;12-12-2013T13:55:22;apis.google.com
0157;12-12-2013T13:55:38;www.google.fr
0157;12-12-2013T13:55:43;0.drive.google.com
0157;12-12-2013T13:55:49;0.docs.google.com
0157;12-12-2013T13:56:32;0.drive.google.com
0157;12-12-2013T13:56:36;1.docs.google.com
0157;12-12-2013T13:56:43;0.docs.google.com
0157;12-12-2013T13:56:58;www.google.fr
0157;12-12-2013T13:56:58;plus.google.com
0157;12-12-2013T13:57:21;0.drive.google.com
0157;12-12-2013T13:57:30;1.docs.google.com
0157;12-12-2013T13:57:34;0.docs.google.com
0157;12-12-2013T13:58:15;0.drive.google.com
0157;12-12-2013T13:58:28;drive.google.com
0157;12-12-2013T13:58:29;1.docs.google.com
0157;12-12-2013T13:58:31;docs.google.com
0157;12-12-2013T13:58:32;clients6.google.com
0157;12-12-2013T13:58:32;0.docs.google.com
0157;12-12-2013T13:59:08;0.drive.google.com
0157;12-12-2013T13:59:23;1.docs.google.com
0157;12-12-2013T13:59:27;0.docs.google.com
0157;12-12-2013T13:59:30;docs.google.com
0157;12-12-2013T13:59:52;0.drive.google.com
0157;12-12-2013T14:00:16;1.docs.google.com
0157;12-12-2013T14:00:19;0.docs.google.com
0157;12-12-2013T14:00:34;www.google.fr
0157;12-12-2013T14:00:35;plus.google.com
0157;12-12-2013T14:00:46;0.drive.google.com
0157;12-12-2013T14:01:13;0.docs.google.com
0157;12-12-2013T14:01:13;1.docs.google.com
0157;12-12-2013T14:01:41;0.drive.google.com
0157;12-12-2013T14:02:02;drive.google.com
0157;12-12-2013T14:02:03;1.docs.google.com
0157;12-12-2013T14:02:07;0.docs.google.com
0157;12-12-2013T14:02:33;0.drive.google.com
0157;12-12-2013T14:02:56;0.docs.google.com
0157;12-12-2013T14:02:56;1.docs.google.com
0157;12-12-2013T14:03:31;0.drive.google.com
0157;12-12-2013T14:03:46;0.docs.google.com
0157;12-12-2013T14:03:50;1.docs.google.com
0157;12-12-2013T14:04:23;0.drive.google.com
0157;12-12-2013T14:04:37;0.docs.google.com
0157;12-12-2013T14:04:45;1.docs.google.com
0157;12-12-2013T14:05:22;0.drive.google.com
0157;12-12-2013T14:05:30;0.docs.google.com
0157;12-12-2013T14:05:39;1.docs.google.com
0157;12-12-2013T14:06:16;0.drive.google.com
0157;12-12-2013T14:06:25;0.docs.google.com
0157;12-12-2013T14:06:34;1.docs.google.com
0157;12-12-2013T14:07:03;0.docs.google.com
0157;12-12-2013T14:07:04;0.drive.google.com
0157;12-12-2013T14:07:27;1.docs.google.com
0157;12-12-2013T14:07:48;0.docs.google.com
0157;12-12-2013T14:07:55;0.drive.google.com
0157;12-12-2013T14:08:23;1.docs.google.com
0157;12-12-2013T14:08:53;0.drive.google.com
0157;12-12-2013T14:09:21;1.docs.google.com
0157;12-12-2013T14:09:33;1.talkgadget.google.com
0157;12-12-2013T14:09:50;0.drive.google.com
0157;12-12-2013T14:10:00;0.docs.google.com
0157;12-12-2013T14:10:02;drive.google.com
0157;12-12-2013T14:10:03;1.docs.google.com
0157;12-12-2013T14:10:33;0.drive.google.com
0157;12-12-2013T14:10:42;0.docs.google.com
0157;12-12-2013T14:10:44;1.docs.google.com
0157;12-12-2013T14:11:27;apis.google.com
0157;12-12-2013T14:11:28;plus.google.com
0157;12-12-2013T14:11:31;1.talkgadget.google.com
0157;12-12-2013T14:11:33;0.drive.google.com
0157;12-12-2013T14:11:36;1.docs.google.com
0157;12-12-2013T14:11:47;0.docs.google.com
0157;12-12-2013T14:12:28;www.google.com
0157;12-12-2013T14:12:29;1.docs.google.com
0157;12-12-2013T14:12:29;0.drive.google.com
0157;12-12-2013T14:12:43;0.docs.google.com
0157;12-12-2013T14:13:08;1.docs.google.com
0157;12-12-2013T14:13:13;docs.google.com
0157;12-12-2013T14:13:16;1.talkgadget.google.com
0157;12-12-2013T14:13:31;0.drive.google.com
0157;12-12-2013T14:13:36;0.docs.google.com
0157;12-12-2013T14:13:55;www.google.fr
0157;12-12-2013T14:13:59;www.google.fr
0157;12-12-2013T14:14:13;1.docs.google.com
0157;12-12-2013T14:14:13;plus.google.com
0157;12-12-2013T14:14:22;0.drive.google.com
0157;12-12-2013T14:14:25;0.docs.google.com
0157;12-12-2013T14:15:11;1.docs.google.com
0157;12-12-2013T14:15:17;0.drive.google.com
0157;12-12-2013T14:15:24;0.docs.google.com
0157;12-12-2013T14:16:04;1.docs.google.com
0157;12-12-2013T14:16:06;0.drive.google.com
0157;12-12-2013T14:16:18;0.docs.google.com
0157;12-12-2013T14:16:50;docs.google.com
0157;12-12-2013T14:16:55;1.docs.google.com
0157;12-12-2013T14:17:03;0.drive.google.com
0157;12-12-2013T14:17:12;www.google.fr
0157;12-12-2013T14:17:12;0.docs.google.com
0157;12-12-2013T14:17:33;1.talkgadget.google.com
0157;12-12-2013T14:17:59;0.drive.google.com
0157;12-12-2013T14:18:00;1.docs.google.com
0157;12-12-2013T14:18:02;drive.google.com
0157;12-12-2013T14:18:09;0.docs.google.com
0157;12-12-2013T14:18:52;0.docs.google.com
0157;12-12-2013T14:18:54;0.drive.google.com
0157;12-12-2013T14:18:56;1.docs.google.com
0157;12-12-2013T14:19:30;www.google.fr
0157;12-12-2013T14:19:36;0.drive.google.com
0157;12-12-2013T14:19:50;1.docs.google.com
0157;12-12-2013T14:19:55;0.docs.google.com
0157;12-12-2013T14:20:32;0.drive.google.com
0157;12-12-2013T14:20:32;s-static.ak.facebook.com
0157;12-12-2013T14:20:38;s-static.ak.facebook.com
0157;12-12-2013T14:20:44;1.docs.google.com
0157;12-12-2013T14:20:50;0.docs.google.com
0157;12-12-2013T14:21:22;0.drive.google.com
0157;12-12-2013T14:21:33;1.talkgadget.google.com
0157;12-12-2013T14:21:37;1.docs.google.com
0157;12-12-2013T14:21:46;plus.google.com
0157;12-12-2013T14:21:46;www.google.fr
0157;12-12-2013T14:21:51;0.docs.google.com
0157;12-12-2013T14:22:07;0.drive.google.com
0157;12-12-2013T14:22:28;accounts.google.com
0157;12-12-2013T14:22:32;0.docs.google.com
0157;12-12-2013T14:22:32;1.docs.google.com
0157;12-12-2013T14:22:59;0.drive.google.com
0157;12-12-2013T14:23:29;1.docs.google.com
0157;12-12-2013T14:23:45;0.docs.google.com
0157;12-12-2013T14:23:46;plus.google.com
0157;12-12-2013T14:23:53;0.drive.google.com
0157;12-12-2013T14:24:25;0.docs.google.com
0157;12-12-2013T14:24:25;1.docs.google.com
0157;12-12-2013T14:24:40;plus.google.com
0157;12-12-2013T14:24:47;0.drive.google.com
0157;12-12-2013T14:25:16;1.docs.google.com
0157;12-12-2013T14:25:24;1.talkgadget.google.com
0157;12-12-2013T14:25:38;0.drive.google.com
0157;12-12-2013T14:25:56;0.docs.google.com
0157;12-12-2013T14:26:02;drive.google.com
0157;12-12-2013T14:26:11;1.docs.google.com
0157;12-12-2013T14:26:30;0.drive.google.com
0157;12-12-2013T14:26:46;0.docs.google.com
0157;12-12-2013T14:27:04;1.docs.google.com
0157;12-12-2013T14:27:24;0.drive.google.com
0157;12-12-2013T14:27:40;0.docs.google.com
0157;12-12-2013T14:27:58;1.docs.google.com
0157;12-12-2013T14:28:08;0.drive.google.com
0157;12-12-2013T14:28:39;0.docs.google.com
0157;12-12-2013T14:28:57;1.docs.google.com
0157;12-12-2013T14:29:00;1.talkgadget.google.com
0157;12-12-2013T14:29:03;0.drive.google.com
0157;12-12-2013T14:29:37;0.docs.google.com
0157;12-12-2013T14:29:56;1.docs.google.com
0157;12-12-2013T14:29:57;0.drive.google.com
0157;12-12-2013T14:30:39;0.docs.google.com
0157;12-12-2013T14:30:49;0.drive.google.com
0157;12-12-2013T14:30:51;1.docs.google.com
0157;12-12-2013T14:31:22;plus.google.com
0157;12-12-2013T14:31:31;0.docs.google.com
0157;12-12-2013T14:31:35;0.drive.google.com
0157;12-12-2013T14:31:50;1.docs.google.com
0157;12-12-2013T14:32:05;docs.google.com
0157;12-12-2013T14:32:24;0.drive.google.com
0157;12-12-2013T14:32:30;0.docs.google.com
0157;12-12-2013T14:32:33;1.talkgadget.google.com
0157;12-12-2013T14:32:47;1.docs.google.com
0157;12-12-2013T14:33:11;0.docs.google.com
0157;12-12-2013T14:33:21;0.drive.google.com
0157;12-12-2013T14:33:46;1.docs.google.com
0157;12-12-2013T14:33:56;0.docs.google.com
0157;12-12-2013T14:34:10;0.drive.google.com
0157;12-12-2013T14:34:41;1.docs.google.com
0157;12-12-2013T14:34:55;0.docs.google.com
0157;12-12-2013T14:35:04;0.drive.google.com
0157;12-12-2013T14:35:37;1.docs.google.com
0157;12-12-2013T14:35:52;0.docs.google.com
0157;12-12-2013T14:36:03;0.drive.google.com
0157;12-12-2013T14:36:32;1.docs.google.com
0157;12-12-2013T14:36:33;1.talkgadget.google.com
0157;12-12-2013T14:36:47;0.docs.google.com
0157;12-12-2013T14:36:48;plus.google.com
0157;12-12-2013T14:36:48;www.google.fr
0157;12-12-2013T14:36:56;0.drive.google.com
0157;12-12-2013T14:37:13;docs.google.com
0157;12-12-2013T14:37:25;1.docs.google.com
0157;12-12-2013T14:37:29;apis.google.com
0157;12-12-2013T14:37:29;accounts.google.com
0157;12-12-2013T14:37:46;0.docs.google.com
0157;12-12-2013T14:38:03;0.drive.google.com
0157;12-12-2013T14:38:17;1.docs.google.com
0157;12-12-2013T14:38:43;0.docs.google.com
0157;12-12-2013T14:39:01;0.drive.google.com
0157;12-12-2013T14:39:16;1.docs.google.com
0157;12-12-2013T14:39:28;0.docs.google.com
0157;12-12-2013T14:39:54;0.drive.google.com
0157;12-12-2013T14:40:02;drive.google.com
0157;12-12-2013T14:40:10;1.docs.google.com
0157;12-12-2013T14:40:23;0.docs.google.com
0157;12-12-2013T14:40:27;1.talkgadget.google.com
0157;12-12-2013T14:40:38;0.drive.google.com
0157;12-12-2013T14:41:08;1.docs.google.com
0157;12-12-2013T14:41:13;docs.google.com
0157;12-12-2013T14:41:19;0.docs.google.com
0157;12-12-2013T14:41:32;0.drive.google.com
0157;12-12-2013T14:42:00;1.docs.google.com
0157;12-12-2013T14:42:15;0.docs.google.com
0157;12-12-2013T14:42:32;0.drive.google.com
0157;12-12-2013T14:42:38;www.google.fr
0157;12-12-2013T14:42:54;1.docs.google.com
0157;12-12-2013T14:42:58;0.docs.google.com
0157;12-12-2013T14:43:42;0.drive.google.com
0157;12-12-2013T14:43:50;1.docs.google.com
0157;12-12-2013T14:43:56;plus.google.com
0157;12-12-2013T14:44:02;0.docs.google.com
0157;12-12-2013T14:44:28;1.talkgadget.google.com
0157;12-12-2013T14:44:38;0.drive.google.com
0157;12-12-2013T14:44:43;0.docs.google.com
0157;12-12-2013T14:44:46;1.docs.google.com
0157;12-12-2013T14:45:36;0.docs.google.com
0157;12-12-2013T14:45:37;0.drive.google.com
0157;12-12-2013T14:45:41;1.docs.google.com
0157;12-12-2013T14:46:16;0.drive.google.com
0157;12-12-2013T14:46:21;www.google.fr
0157;12-12-2013T14:46:21;plus.google.com
0157;12-12-2013T14:46:26;0.docs.google.com
0157;12-12-2013T14:46:32;1.docs.google.com
0157;12-12-2013T14:47:09;0.drive.google.com
0157;12-12-2013T14:47:13;docs.google.com
0157;12-12-2013T14:47:15;0.docs.google.com
0157;12-12-2013T14:47:26;1.docs.google.com
0157;12-12-2013T14:47:59;1.talkgadget.google.com
0157;12-12-2013T14:48:06;0.drive.google.com
0157;12-12-2013T14:48:16;1.docs.google.com
0157;12-12-2013T14:48:44;0.docs.google.com
0157;12-12-2013T14:49:03;0.drive.google.com
0157;12-12-2013T14:49:09;1.docs.google.com
0157;12-12-2013T14:49:09;docs.google.com
0157;12-12-2013T14:49:09;1.talkgadget.google.com
0157;12-12-2013T14:49:09;0.docs.google.com
0157;12-12-2013T14:49:09;0.drive.google.com
0157;12-12-2013T14:51:45;armmf.adobe.com
0157;12-12-2013T14:52:48;geo.mozilla.org
0157;12-12-2013T14:55:36;sb-ssl.google.com
0157;12-12-2013T14:55:42;apis.google.com
0157;12-12-2013T14:55:42;plus.google.com
0157;12-12-2013T14:55:42;www.google.fr
0157;12-12-2013T14:55:59;www.google.com
0157;12-12-2013T14:56:20;javadl-esd-secure.oracle.com
0157;12-12-2013T14:56:26;javadl-esd-secure.oracle.com
0157;12-12-2013T14:59:32;accounts.youtube.com
0157;12-12-2013T14:59:32;accounts.google.co.ma
0157;12-12-2013T14:59:32;accounts.google.fr
0157;12-12-2013T14:59:50;accounts.google.com
0157;12-12-2013T14:59:51;apis.google.com
0157;12-12-2013T14:59:51;clients6.google.com
0157;12-12-2013T15:00:27;imgssl.constantcontact.com
0157;12-12-2013T15:00:33;gg.google.com
0157;12-12-2013T15:02:22;docs.google.com
0157;12-12-2013T15:03:35;www.google.com
0157;12-12-2013T15:03:55;plus.google.com
0157;12-12-2013T15:03:55;www.google.fr
0157;12-12-2013T15:05:37;drive.google.com
0157;12-12-2013T15:10:37;plus.google.com
0157;12-12-2013T15:13:36;drive.google.com
0157;12-12-2013T15:14:40;plus.google.com
0157;12-12-2013T15:16:58;s-static.ak.facebook.com
0157;12-12-2013T15:17:03;s-static.ak.facebook.com
0157;12-12-2013T15:17:29;www.google.com
0157;12-12-2013T15:19:53;accounts.google.com
0157;12-12-2013T15:20:26;www.google.com
0157;12-12-2013T15:20:28;plus.google.com
0157;12-12-2013T15:20:28;www.google.fr
0157;12-12-2013T15:23:36;drive.google.com
0157;12-12-2013T15:25:22;gg.google.com
0157;12-12-2013T15:26:08;docs.google.com
0157;12-12-2013T15:27:58;0.docs.google.com
0157;12-12-2013T15:28:24;clients2.google.com
0157;12-12-2013T15:28:24;www.google.com
0157;12-12-2013T15:28:28;accounts.google.com
0157;12-12-2013T15:28:30;chatenabled.mail.google.com
0157;12-12-2013T15:29:20;drive.google.com
0157;12-12-2013T15:29:23;apis.google.com
0157;12-12-2013T15:29:48;plus.google.com
0157;12-12-2013T15:30:06;accounts.google.co.ma
0157;12-12-2013T15:30:06;accounts.google.fr
0157;12-12-2013T15:30:06;accounts.youtube.com
0157;12-12-2013T15:30:06;accounts.google.com
0157;12-12-2013T15:30:06;www.google.com
0157;12-12-2013T15:30:06;0.drive.google.com
0157;12-12-2013T15:30:06;mail.google.com
0157;13-12-2013T08:20:14;fpdownload2.macromedia.com
0157;13-12-2013T08:20:18;api.bing.com
0157;13-12-2013T08:20:19;api.bing.com
0157;13-12-2013T08:20:19;www.gmail.com
0157;13-12-2013T08:20:19;mail.google.com
0157;13-12-2013T08:21:30;office14client.microsoft.com
0157;13-12-2013T08:21:30;office.microsoft.com
0157;13-12-2013T08:21:34;office.microsoft.com
0157;13-12-2013T08:20:20;accounts.google.com
0157;13-12-2013T08:20:22;accounts.youtube.com
0157;13-12-2013T08:20:24;mail.google.com
0157;13-12-2013T08:20:27;accounts.google.co.ma
0157;13-12-2013T08:20:27;accounts.google.fr
0157;13-12-2013T08:20:33;accounts.google.com
0157;13-12-2013T08:20:34;accounts.youtube.com
0157;13-12-2013T08:20:34;accounts.google.co.ma
0157;13-12-2013T08:20:34;accounts.google.fr
0157;13-12-2013T08:20:34;mail.google.com
0157;13-12-2013T08:20:36;mail.google.com
0157;13-12-2013T08:20:38;plus.google.com
0157;13-12-2013T08:20:38;clients2.google.com
0157;13-12-2013T08:20:38;apis.google.com
0157;13-12-2013T08:20:38;www.google.com
0157;13-12-2013T08:20:40;plus.google.com
0157;13-12-2013T08:20:42;clients2.google.com
0157;13-12-2013T08:20:46;www.google.com
0157;13-12-2013T08:20:46;apis.google.com
0157;13-12-2013T08:20:47;accounts.google.com
0157;13-12-2013T08:20:47;chatenabled.mail.google.com
0157;13-12-2013T08:20:47;plus.google.com
0157;13-12-2013T08:20:48;mail.google.com
0157;13-12-2013T08:20:51;plus.google.com
0157;13-12-2013T08:20:51;apis.google.com
0157;13-12-2013T08:20:53;chatenabled.mail.google.com
0157;13-12-2013T08:20:55;apis.google.com
0157;13-12-2013T08:21:22;apis.google.com
0157;13-12-2013T08:21:22;clients6.google.com
0157;13-12-2013T08:22:36;mail.google.com
0157;13-12-2013T08:23:08;ieonline.microsoft.com
0157;13-12-2013T08:25:22;apis.google.com
0157;13-12-2013T08:25:23;clients6.google.com
0157;13-12-2013T08:31:18;plus.google.com
0157;13-12-2013T08:31:18;mail.google.com
0157;23-12-2013T22:12:24;armmf.adobe.com
0157;23-12-2013T22:12:26;armdl.adobe.com
0157;23-12-2013T22:12:22;armmf.adobe.com
0157;23-12-2013T22:17:10;javadl-esd-secure.oracle.com
0157;23-12-2013T22:20:30;javadl-esd-secure.oracle.com
0157;20-1-2014T13:46:21;google.fr
0157;20-1-2014T13:46:21;www.google.fr
0157;20-1-2014T13:46:22;www.google.fr
0157;20-1-2014T13:46:22;clients1.google.fr
0157;20-1-2014T13:46:25;www.google.fr
0157;20-1-2014T13:46:31;clients1.google.fr
0157;20-1-2014T13:46:32;clients1.google.fr
0157;20-1-2014T13:46:33;clients1.google.fr
0157;20-1-2014T13:46:34;clients1.google.fr
0157;20-1-2014T13:46:36;www.google.fr
0157;20-1-2014T13:46:36;clients1.google.fr
0157;20-1-2014T13:46:42;www.google.fr
0157;20-1-2014T13:46:46;www.malgouyres.org
0157;20-1-2014T13:46:49;www.malgouyres.org
0157;20-1-2014T13:46:59;www.malgouyres.org
0157;20-1-2014T13:46:59;plugins.longtailvideo.com
0157;20-1-2014T13:47:00;www.malgouyres.org
0157;20-1-2014T13:47:07;www.malgouyres.org
0157;20-1-2014T13:47:09;www.malgouyres.org
0157;20-1-2014T13:47:19;www.malgouyres.org
0157;20-1-2014T13:59:41;fxfeeds.mozilla.com
0157;20-1-2014T13:59:41;newsrss.bbc.co.uk
0157;20-1-2014T13:59:41;feeds.bbci.co.uk
0157;20-1-2014T14:19:47;www.malgouyres.org
0157;20-1-2014T14:19:55;www.malgouyres.org
0157;20-1-2014T14:20:12;www.malgouyres.org
0157;20-1-2014T14:20:13;www.malgouyres.org
0157;20-1-2014T14:51:59;google.fr
0157;20-1-2014T14:51:59;www.google.fr
0157;20-1-2014T14:51:59;clients1.google.fr
0157;20-1-2014T14:52:02;clients1.google.fr
0157;20-1-2014T14:52:02;www.google.fr
0157;20-1-2014T14:52:05;clients1.google.fr
0157;20-1-2014T14:52:06;clients1.google.fr
0157;20-1-2014T14:52:08;clients1.google.fr
0157;20-1-2014T14:52:09;clients1.google.fr
0157;20-1-2014T14:52:17;clients1.google.fr
0157;20-1-2014T14:52:18;clients1.google.fr
0157;20-1-2014T14:52:20;clients1.google.fr
0157;20-1-2014T14:52:21;clients1.google.fr
0157;20-1-2014T14:52:24;clients1.google.fr
0157;20-1-2014T14:52:25;www.google.fr
0157;20-1-2014T14:52:26;clients1.google.fr
0157;20-1-2014T14:52:30;clients1.google.fr
0157;20-1-2014T14:52:36;www.google.fr
0157;20-1-2014T14:52:36;clients1.google.fr
0157;20-1-2014T14:52:49;www.google.fr
0157;20-1-2014T14:52:49;www.malgouyres.org
0157;20-1-2014T15:14:41;fxfeeds.mozilla.com
0157;20-1-2014T15:14:41;newsrss.bbc.co.uk
0157;20-1-2014T15:14:41;feeds.bbci.co.uk
0157;20-1-2014T15:28:32;clients1.google.fr
0157;20-1-2014T15:28:33;www.google.fr
0157;20-1-2014T15:28:33;clients1.google.fr
0157;20-1-2014T15:28:35;www.google.fr
0157;20-1-2014T15:28:35;www.opengl.org
0157;20-1-2014T15:28:36;www.opengl.org
0157;20-1-2014T15:28:36;www.google.fr
0157;20-1-2014T15:28:50;www.google.fr
0157;20-1-2014T15:28:51;www-etud.iro.umontreal.ca
0157;20-1-2014T15:29:02;www.google.fr
0157;20-1-2014T15:29:02;www.programming-techniques.com
0157;20-1-2014T15:29:02;www.google.com
0157;20-1-2014T15:29:03;alexgorbatchev.com
0157;20-1-2014T15:29:03;agorbatchev.typepad.com
0157;20-1-2014T15:29:03;www.google.fr
0157;20-1-2014T15:29:04;agorbatchev.typepad.com
0157;20-1-2014T15:29:05;opengl.jp
0157;20-1-2014T15:29:15;www.google.com
0157;20-1-2014T15:29:15;clients1.google.com
0157;20-1-2014T15:29:18;www.google.com
0157;20-1-2014T15:29:21;www.google.com
0157;20-1-2014T15:29:23;e-pcmag.gr
0157;20-1-2014T15:29:23;www.google.com
0157;20-1-2014T15:30:23;www.google.com
0157;20-1-2014T15:30:23;clients1.google.com
0157;20-1-2014T15:30:36;www.google.com
0157;20-1-2014T15:30:38;qt-project.org
0157;20-1-2014T15:30:40;qt-project.org
0157;20-1-2014T15:30:40;www.google.com
0157;20-1-2014T15:30:40;www.gravatar.com
0157;20-1-2014T15:30:41;i1.wp.com
0157;20-1-2014T15:30:41;qt-project.org
0157;20-1-2014T15:30:41;ajax.googleapis.com
0157;20-1-2014T15:30:43;www.google.com
0157;20-1-2014T15:30:43;ajax.googleapis.com
0157;20-1-2014T15:30:44;clients1.google.com
0157;20-1-2014T15:30:44;www.google.com
0157;20-1-2014T15:30:44;qt-project.org
0157;20-1-2014T15:31:52;clients1.google.com
0157;20-1-2014T15:31:57;www.google.com
0157;20-1-2014T15:31:57;clients1.google.com
0157;20-1-2014T15:31:59;www.google.com
0157;20-1-2014T15:32:00;comsci.liu.edu
0157;20-1-2014T15:32:39;www.google.com
0157;20-1-2014T15:32:40;www.programming-techniques.com
0157;20-1-2014T15:32:40;www.google.com
0157;20-1-2014T15:32:40;alexgorbatchev.com
0157;20-1-2014T15:32:40;agorbatchev.typepad.com
0157;20-1-2014T15:32:59;www.programming-techniques.com
0157;20-1-2014T15:33:01;www.google.com
0157;20-1-2014T15:33:01;math.hws.edu
0157;20-1-2014T15:33:02;math.hws.edu
0157;20-1-2014T15:33:02;www.w3.org
0157;20-1-2014T15:33:02;www.programming-techniques.com
0157;20-1-2014T15:35:07;www.google.com
0157;20-1-2014T15:35:08;clients1.google.com
0157;20-1-2014T15:35:13;www.google.com
0157;20-1-2014T15:35:15;docs.psychtoolbox.org
0157;20-1-2014T15:35:16;docs.psychtoolbox.org
0157;20-1-2014T15:35:17;www.google.com
0157;20-1-2014T15:35:18;ajax.googleapis.com
0157;20-1-2014T15:35:18;ajax.cloudflare.com
0157;20-1-2014T15:35:18;blenderartists.org
0157;20-1-2014T15:35:19;blenderartists.org
0157;20-1-2014T15:35:19;connect.facebook.net
0157;20-1-2014T15:35:19;www.facebook.com
0157;20-1-2014T15:35:19;static.ak.facebook.com
0157;20-1-2014T15:35:20;blenderartists.org
0157;20-1-2014T15:35:22;www.blenderartists.org
0157;20-1-2014T15:36:04;www.google.com
0157;20-1-2014T15:36:04;clients1.google.com
0157;20-1-2014T15:36:26;www.google.com
0157;20-1-2014T15:36:27;xslt.alexa.com
0157;20-1-2014T15:38:53;www.google.com
0157;20-1-2014T15:39:03;www.google.com
0157;20-1-2014T15:39:11;www.google.com
0157;20-1-2014T15:39:11;clients1.google.com
0157;20-1-2014T15:39:17;www.google.com
0157;20-1-2014T15:39:44;clients1.google.com
0157;20-1-2014T15:39:54;clients1.google.com
0157;20-1-2014T15:39:56;www.google.com
0157;20-1-2014T15:39:56;clients1.google.com
0157;20-1-2014T15:39:57;www.google.com
0157;20-1-2014T15:39:58;www.opengl.org
0157;20-1-2014T15:40:11;www.google.com
0157;20-1-2014T15:40:12;www.opengl.org
0157;20-1-2014T15:40:12;yui.yahooapis.com
0157;20-1-2014T15:40:23;www.google.com
0157;20-1-2014T15:40:23;clients1.google.com
0157;20-1-2014T15:40:28;www.google.com
0157;20-1-2014T15:40:29;www.developpez.net
0157;20-1-2014T15:40:29;www.google.com
0157;20-1-2014T15:40:29;ajax.googleapis.com
0157;20-1-2014T15:40:29;premium.hi-mediaserver.com
0157;20-1-2014T15:40:30;www.developpez.net
0157;20-1-2014T15:40:31;www.developpez.net
0157;20-1-2014T15:40:51;www.squid-cache.org
0157;20-1-2014T15:41:05;www.google.com
0157;20-1-2014T15:41:05;clients1.google.com
0157;20-1-2014T15:41:08;www.google.com
0157;20-1-2014T15:41:21;www.google.com
0157;20-1-2014T15:41:22;www.alpcentauri.info
0157;20-1-2014T15:41:23;www.alpcentauri.info
0157;20-1-2014T15:41:26;www.alpcentauri.info
0157;20-1-2014T15:43:09;static.ak.facebook.com
0157;20-1-2014T15:43:10;images.gx101.com
0157;20-1-2014T15:43:11;images.gx101.com
0157;20-1-2014T16:00:43;www.malgouyres.org
0157;20-1-2014T16:00:47;www.malgouyres.org
0157;20-1-2014T16:07:59;clients1.google.com
0157;20-1-2014T16:08:01;clients1.google.com
0157;20-1-2014T16:08:02;www.google.com
0157;20-1-2014T16:08:02;clients1.google.com
0157;20-1-2014T16:08:07;clients1.google.com
0157;20-1-2014T16:08:09;www.google.com
0157;20-1-2014T16:08:09;clients1.google.com
0157;20-1-2014T16:08:11;www.google.com
0157;20-1-2014T16:08:11;www.libsdl.org
0157;20-1-2014T16:11:39;www.google.com
0157;20-1-2014T16:11:39;clients1.google.com
0157;20-1-2014T16:11:46;www.google.com
0157;20-1-2014T16:11:46;answers.yahoo.com
0157;20-1-2014T16:11:47;answers.yahoo.com
0157;20-1-2014T16:19:45;www.google.com
0157;20-1-2014T16:19:45;clients1.google.com
0157;20-1-2014T16:19:48;www.google.com
0157;20-1-2014T16:19:49;fr.openclassrooms.com
0157;20-1-2014T16:19:50;www.google.com
0157;20-1-2014T16:19:50;fr.openclassrooms.com
0157;20-1-2014T16:19:51;fr.openclassrooms.com
0157;20-1-2014T16:19:51;dnn506yrbagrg.cloudfront.net
0157;20-1-2014T16:19:52;clients1.google.com
0157;20-1-2014T16:19:52;http.tidaltv.com
0157;20-1-2014T16:19:53;fr.openclassrooms.com
0157;20-1-2014T16:19:53;http.tidaltv.com
0157;20-1-2014T16:19:53;www.google.com
0157;20-1-2014T16:19:54;fr.openclassrooms.com
0157;20-1-2014T16:19:55;fr.openclassrooms.com
0157;20-1-2014T16:19:56;www.google.com
0157;20-1-2014T16:19:56;clients1.google.com
0157;20-1-2014T16:20:00;clients1.google.com
0157;20-1-2014T16:20:01;www.google.com
0157;20-1-2014T16:20:01;img.youtube.com
0157;20-1-2014T16:20:01;clients1.google.com
0157;20-1-2014T16:20:14;www.siteduzero.com
0157;20-1-2014T16:20:14;fr.openclassrooms.com
0157;20-1-2014T16:20:21;www.siteduzero.com
0157;20-1-2014T16:20:21;fr.openclassrooms.com
0157;20-1-2014T16:20:24;www.siteduzero.com
0157;20-1-2014T16:20:24;fr.openclassrooms.com
0157;20-1-2014T16:20:26;fr.openclassrooms.com
0157;20-1-2014T16:20:26;www.google.com
0157;20-1-2014T16:20:26;i87.servimg.com
0157;20-1-2014T16:20:28;fr.openclassrooms.com
0157;20-1-2014T16:20:28;dnn506yrbagrg.cloudfront.net
0157;20-1-2014T16:20:28;image.jeuxvideo.com
0157;20-1-2014T16:20:28;www.manga-news.com
0157;20-1-2014T16:20:28;i67.servimg.com
0157;20-1-2014T16:20:29;http.tidaltv.com
0157;20-1-2014T16:20:30;www.google.com
0157;20-1-2014T16:20:47;clients1.google.com
0157;20-1-2014T16:20:48;clients1.google.com
0157;20-1-2014T16:20:49;clients1.google.com
0157;20-1-2014T16:20:50;www.google.com
0157;20-1-2014T16:20:50;clients1.google.com
0157;20-1-2014T16:20:53;www.google.com
0157;20-1-2014T16:20:55;clients1.google.com
0157;20-1-2014T16:20:56;clients1.google.com
0157;20-1-2014T16:20:57;www.google.com
0157;20-1-2014T16:20:57;clients1.google.com
0157;20-1-2014T16:21:00;www.google.com
0157;20-1-2014T16:21:06;fr.openclassrooms.com
0157;20-1-2014T16:21:06;www.google.com
0157;20-1-2014T16:21:08;www.google.com
0157;20-1-2014T16:21:10;www.google.com
0157;20-1-2014T16:21:11;codes-sources.commentcamarche.net
0157;20-1-2014T16:21:11;ba.commentcamarche.net
0157;20-1-2014T16:21:11;static.ccm2.net
0157;20-1-2014T16:21:12;static.ccm2.net
0157;20-1-2014T16:21:12;r.ccm2.net
0157;20-1-2014T16:21:12;ba.commentcamarche.net
0157;20-1-2014T16:21:14;static.ccm2.net
0157;20-1-2014T16:21:15;r.ccmbg.com
0157;20-1-2014T16:21:15;ba.commentcamarche.net
0157;20-1-2014T16:21:54;static.ccm2.net
0157;20-1-2014T16:21:54;codes-sources.commentcamarche.net
0157;20-1-2014T16:22:58;static.ccm2.net
0157;20-1-2014T16:23:29;www.google.com
0157;20-1-2014T16:23:29;www.commentcamarche.net
0157;20-1-2014T16:23:29;ba.commentcamarche.net
0157;20-1-2014T16:23:29;static.ccm2.net
0157;20-1-2014T16:23:29;www.facebook.com
0157;20-1-2014T16:23:30;www.facebook.com
0157;20-1-2014T16:23:30;platform.twitter.com
0157;20-1-2014T16:23:56;www.commentcamarche.net
0157;20-1-2014T16:23:57;www.google.com
0157;20-1-2014T16:23:57;clients1.google.com
0157;20-1-2014T16:23:59;www.google.com
0157;20-1-2014T16:24:04;fr.openclassrooms.com
0157;20-1-2014T16:24:04;www.google.com
0157;20-1-2014T16:24:08;fr.openclassrooms.com
0157;20-1-2014T16:24:10;fr.openclassrooms.com
0157;20-1-2014T16:24:10;www.google.com
0157;20-1-2014T16:24:14;fr.openclassrooms.com
0157;20-1-2014T16:25:13;www.libsdl.org
0157;20-1-2014T16:27:42;clients1.google.com
0157;20-1-2014T16:27:43;clients1.google.com
0157;20-1-2014T16:27:44;clients1.google.com
0157;20-1-2014T16:27:46;clients1.google.com
0157;20-1-2014T16:27:47;clients1.google.com
0157;20-1-2014T16:27:48;clients1.google.com
0157;20-1-2014T16:27:49;clients1.google.com
0157;20-1-2014T16:27:50;www.google.com
0157;20-1-2014T16:27:50;clients1.google.com
0157;20-1-2014T16:27:52;www.google.com
0157;20-1-2014T16:27:53;i3.msdn.microsoft.com
0157;20-1-2014T16:27:53;msdn.microsoft.com
0157;20-1-2014T16:27:53;i.msdn.microsoft.com
0157;20-1-2014T16:27:54;i2.msdn.microsoft.com
0157;20-1-2014T16:27:54;i2.services.social.microsoft.com
0157;20-1-2014T16:27:54;js.microsoft.com
0157;20-1-2014T16:27:54;msdn.microsoft.com
0157;20-1-2014T16:27:55;c1.microsoft.com
0157;20-1-2014T16:27:56;c1.microsoft.com
0157;20-1-2014T16:28:41;clients1.google.com
0157;20-1-2014T16:28:42;clients1.google.com
0157;20-1-2014T16:28:45;clients1.google.com
0157;20-1-2014T16:28:46;clients1.google.com
0157;20-1-2014T16:28:54;www.google.com
0157;20-1-2014T16:28:54;clients1.google.com
0157;20-1-2014T16:29:09;clients1.google.com
0157;20-1-2014T16:29:09;www.google.com
0157;20-1-2014T16:29:10;clients1.google.com
0157;20-1-2014T16:29:12;www.google.com
0157;20-1-2014T16:29:12;fr.openclassrooms.com
0157;20-1-2014T16:29:13;fr.openclassrooms.com
0157;20-1-2014T16:29:13;www.google.com
0157;20-1-2014T16:29:14;fr.openclassrooms.com
0157;20-1-2014T16:29:16;www.google.com
0157;20-1-2014T16:29:19;cs.specificclick.net
0157;20-1-2014T16:29:20;www.google.com
0157;20-1-2014T16:29:22;adventori.com
0157;20-1-2014T16:29:40;fxfeeds.mozilla.com
0157;20-1-2014T16:29:40;newsrss.bbc.co.uk
0157;20-1-2014T16:29:40;feeds.bbci.co.uk
0157;20-1-2014T16:30:34;www.google.com
0157;20-1-2014T16:30:34;www.table-ascii.com
0157;20-1-2014T16:30:39;www.tableascii.com
0157;20-1-2014T16:30:39;www.table-ascii.com
0157;20-1-2014T16:30:45;www.table-ascii.com
0157;20-1-2014T16:30:47;www.symbole-clavier.com
0157;20-1-2014T16:30:51;www.codeshttp.com
0157;20-1-2014T16:30:53;www.google.com
0157;20-1-2014T16:30:54;www.google.com
0157;20-1-2014T16:31:01;www.google.com
0157;20-1-2014T16:31:02;clients1.google.com
0157;20-1-2014T16:31:05;www.google.com
0157;20-1-2014T16:31:05;www.table-ascii.com
0157;20-1-2014T16:31:08;www.table-ascii.com
0157;20-1-2014T16:31:09;www.table-ascii.com
0157;20-1-2014T16:31:10;www.table-ascii.com
0157;20-1-2014T16:31:10;www.google.com
0157;20-1-2014T16:31:10;www.commentcamarche.net
0157;20-1-2014T16:31:10;ba.commentcamarche.net
0157;20-1-2014T16:31:10;www.facebook.com
0157;20-1-2014T16:31:10;pixel.alephd.com
0157;20-1-2014T16:31:10;static.ccm2.net
0157;20-1-2014T16:31:10;static.commentcamarche.net
0157;20-1-2014T16:31:11;www.facebook.com
0157;20-1-2014T16:31:11;platform.twitter.com
0157;27-1-2014T13:43:24;www.alpcentauri.info
0157;27-1-2014T13:43:27;www.alpcentauri.info
0157;27-1-2014T13:47:44;google.fr
0157;27-1-2014T13:47:44;www.google.fr
0157;27-1-2014T13:47:44;clients1.google.fr
0157;27-1-2014T13:47:47;www.google.fr
0157;27-1-2014T13:47:50;clients1.google.fr
0157;27-1-2014T13:47:51;clients1.google.fr
0157;27-1-2014T13:47:52;clients1.google.fr
0157;27-1-2014T13:47:53;clients1.google.fr
0157;27-1-2014T13:47:55;www.google.fr
0157;27-1-2014T13:47:55;clients1.google.fr
0157;27-1-2014T13:47:59;www.google.fr
0157;27-1-2014T13:48:01;www.malgouyres.org
0157;27-1-2014T13:48:08;www.malgouyres.org
0157;27-1-2014T13:48:08;plugins.longtailvideo.com
0157;27-1-2014T13:48:09;www.malgouyres.org
0157;27-1-2014T13:48:10;www.malgouyres.org
0157;27-1-2014T13:48:48;www.google.com
0157;27-1-2014T13:48:48;clients1.google.com
0157;27-1-2014T13:48:53;www.google.com
0157;27-1-2014T13:48:54;www.speedtest.net
0157;27-1-2014T13:48:54;c.speedtest.net
0157;27-1-2014T13:48:54;www.google.com
0157;27-1-2014T13:48:55;c.speedtest.net
0157;27-1-2014T13:48:55;www.google.com
0157;27-1-2014T13:49:11;www.speedtest.net
0157;27-1-2014T13:49:14;clients1.google.com
0157;27-1-2014T13:49:14;www.speedtest.net
0157;27-1-2014T13:49:15;clients1.google.com
0157;27-1-2014T13:49:15;www.google.com
0157;27-1-2014T13:49:17;www.google.com
0157;27-1-2014T13:49:18;www.aiwg.fr
0157;27-1-2014T13:49:20;www.google.com
0157;27-1-2014T13:49:23;www.google.com
0157;27-1-2014T13:49:50;www.google.com
0157;27-1-2014T13:49:59;clients1.google.com
0157;27-1-2014T13:50:00;clients1.google.com
0157;27-1-2014T13:50:02;www.google.com
0157;27-1-2014T13:50:02;clients1.google.com
0157;27-1-2014T13:50:04;www.google.com
0157;27-1-2014T13:50:04;static.s-sfr.fr
0157;27-1-2014T13:50:05;metrics.sfr.fr
0157;27-1-2014T13:50:08;static.s-sfr.fr
0157;27-1-2014T13:50:12;static.s-sfr.fr
0157;27-1-2014T13:50:12;metrics.sfr.fr
0157;27-1-2014T13:50:25;static.s-sfr.fr
0157;27-1-2014T13:50:28;static.s-sfr.fr
0157;27-1-2014T13:50:29;metrics.sfr.fr
0157;27-1-2014T13:51:01;www.malgouyres.org
0157;27-1-2014T13:51:05;www.malgouyres.org
0157;27-1-2014T13:51:06;www.malgouyres.org
0157;27-1-2014T13:51:07;www.malgouyres.org
0157;27-1-2014T13:51:08;www.malgouyres.org
0157;27-1-2014T13:59:12;www.malgouyres.org
0157;27-1-2014T13:59:16;www.malgouyres.org
0157;27-1-2014T14:16:02;www.google.fr
0157;27-1-2014T14:16:02;clients1.google.fr
0157;27-1-2014T14:16:04;clients1.google.fr
0157;27-1-2014T14:16:05;clients1.google.fr
0157;27-1-2014T14:16:05;www.google.fr
0157;27-1-2014T14:16:06;clients1.google.fr
0157;27-1-2014T14:16:08;www.google.fr
0157;27-1-2014T14:16:08;clients1.google.fr
0157;27-1-2014T14:16:11;www.google.fr
0157;27-1-2014T14:16:11;www.irit.fr
0157;27-1-2014T14:21:34;www.malgouyres.org
0157;27-1-2014T14:21:43;www.malgouyres.org
0157;27-1-2014T14:22:45;clients1.google.fr
0157;27-1-2014T14:22:46;clients1.google.fr
0157;27-1-2014T14:22:48;www.google.fr
0157;27-1-2014T14:22:48;clients1.google.fr
0157;27-1-2014T14:22:50;www.google.fr
0157;27-1-2014T14:22:50;ajax.googleapis.com
0157;27-1-2014T14:22:50;stackoverflow.com
0157;27-1-2014T14:22:51;cdn-careers.sstatic.net
0157;27-1-2014T14:22:51;stackoverflow.com
0157;27-1-2014T14:22:52;stackoverflow.com
0157;27-1-2014T14:22:52;careers.stackoverflow.com
0157;27-1-2014T14:22:57;graphics.stanford.edu
0157;27-1-2014T14:22:58;graphics.stanford.edu
0157;27-1-2014T14:30:57;www.malgouyres.org
0157;27-1-2014T14:30:57;plugins.longtailvideo.com
0157;27-1-2014T14:30:58;www.malgouyres.org
0157;27-1-2014T14:30:59;www.malgouyres.org
0157;27-1-2014T14:31:08;www.malgouyres.org
0157;27-1-2014T14:54:30;www.malgouyres.org
0157;27-1-2014T14:54:37;www.malgouyres.org
0157;27-1-2014T14:55:21;www.malgouyres.org
0157;27-1-2014T14:55:24;www.malgouyres.org
0157;27-1-2014T14:55:38;www.malgouyres.org
0157;27-1-2014T14:56:38;www.malgouyres.org
0157;27-1-2014T14:58:18;fxfeeds.mozilla.com
0157;27-1-2014T14:58:18;newsrss.bbc.co.uk
0157;27-1-2014T14:58:18;feeds.bbci.co.uk
0157;27-1-2014T14:59:07;www.google.fr
0157;27-1-2014T14:59:08;clients1.google.fr
0157;27-1-2014T14:59:09;clients1.google.fr
0157;27-1-2014T14:59:10;clients1.google.fr
0157;27-1-2014T14:59:10;www.google.fr
0157;27-1-2014T14:59:12;clients1.google.fr
0157;27-1-2014T14:59:13;clients1.google.fr
0157;27-1-2014T14:59:14;clients1.google.fr
0157;27-1-2014T14:59:17;www.google.fr
0157;27-1-2014T14:59:18;clients1.google.fr
0157;27-1-2014T14:59:27;clients1.google.fr
0157;27-1-2014T14:59:29;clients1.google.fr
0157;27-1-2014T14:59:30;clients1.google.fr
0157;27-1-2014T14:59:31;clients1.google.fr
0157;27-1-2014T14:59:32;www.google.fr
0157;27-1-2014T14:59:32;clients1.google.fr
0157;27-1-2014T14:59:35;www.google.fr
0157;27-1-2014T14:59:35;open.gl.free.fr
0157;27-1-2014T15:13:20;www.malgouyres.org
0157;27-1-2014T15:46:51;clients1.google.fr
0157;27-1-2014T15:46:52;clients1.google.fr
0157;27-1-2014T15:46:53;clients1.google.fr
0157;27-1-2014T15:46:58;www.google.fr
0157;27-1-2014T15:46:58;clients1.google.fr
0157;27-1-2014T15:47:02;www.google.fr
0157;27-1-2014T15:47:02;yui.yahooapis.com
0157;27-1-2014T15:47:02;www.opengl.org
0157;27-1-2014T15:47:03;www.opengl.org
0157;27-1-2014T15:47:26;www.opengl.org
0157;27-1-2014T15:47:27;www.opengl.org
0157;27-1-2014T16:13:17;fxfeeds.mozilla.com
0157;27-1-2014T16:13:17;newsrss.bbc.co.uk
0157;27-1-2014T16:13:17;feeds.bbci.co.uk
0157;03-2-2014T13:35:30;google.fr
0157;03-2-2014T13:35:30;www.google.fr
0157;03-2-2014T13:35:31;www.google.fr
0157;03-2-2014T13:35:31;clients1.google.fr
0157;03-2-2014T13:35:34;www.google.fr
0157;03-2-2014T13:35:38;gmail.com
0157;03-2-2014T13:35:38;mail.google.com
0157;03-2-2014T13:35:55;www.malgouyres.org
0157;03-2-2014T13:36:14;www.gmail.com
0157;03-2-2014T13:36:14;mail.google.com
0157;03-2-2014T13:36:22;www.malgouyres.org
0157;03-2-2014T13:36:52;www.malgouyres.org
0157;03-2-2014T13:36:53;www.malgouyres.org
0157;03-2-2014T13:36:54;www.malgouyres.org
0157;03-2-2014T14:41:00;mail.google.com
0157;03-2-2014T14:41:43;www.squid-cache.org
0157;03-2-2014T14:41:50;www.google.fr
0157;03-2-2014T14:41:50;clients1.google.fr
0157;03-2-2014T14:41:53;www.google.fr
0157;03-2-2014T14:41:56;www.google.com
0157;03-2-2014T14:41:56;news.google.fr
0157;03-2-2014T14:50:16;fxfeeds.mozilla.com
0157;03-2-2014T14:50:16;newsrss.bbc.co.uk
0157;03-2-2014T14:50:16;feeds.bbci.co.uk
0157;03-2-2014T15:44:33;mangahere.com
0157;03-2-2014T15:44:33;www.mangahere.com
0157;03-2-2014T15:44:33;connect.facebook.net
0157;03-2-2014T15:44:34;www.facebook.com
0157;03-2-2014T15:44:34;www.google.com
0157;03-2-2014T15:44:35;www.google.com
0157;03-2-2014T15:44:35;static.ak.facebook.com
0157;03-2-2014T15:44:35;platform.twitter.com
0157;03-2-2014T15:44:36;platform.twitter.com
0157;03-2-2014T15:44:48;www.mangahere.com
0157;03-2-2014T15:44:48;connect.facebook.net
0157;03-2-2014T15:44:49;www.google.com
0157;03-2-2014T15:44:49;ajax.googleapis.com
0157;03-2-2014T15:44:50;www.google.com
0157;03-2-2014T15:44:51;www.mangahere.com
0157;03-2-2014T15:44:52;static.ak.facebook.com
0157;03-2-2014T15:45:00;www.mangahere.com
0157;03-2-2014T15:45:00;www.facebook.com
0157;03-2-2014T15:45:01;www.google.com
0157;03-2-2014T15:45:02;www.facebook.com
0157;03-2-2014T15:45:03;www.mangahere.com
0157;03-2-2014T15:45:03;www.facebook.com
0157;03-2-2014T15:45:05;imgn.dt07.net
0157;03-2-2014T15:45:05;www.facebook.com
0157;03-2-2014T15:45:05;www.mangahere.com
0157;03-2-2014T15:45:06;www.facebook.com
0157;03-2-2014T15:45:06;www.google.com
0157;03-2-2014T15:45:07;w.sharethis.com
0157;03-2-2014T15:45:07;www.mangahere.com
0157;03-2-2014T15:45:08;static.ak.facebook.com
0157;03-2-2014T15:45:10;www.google.com
0157;03-2-2014T15:45:11;www.mangahere.com
0157;03-2-2014T15:45:11;www.google.com
0157;03-2-2014T15:45:11;edge.sharethis.com
0157;03-2-2014T15:45:11;w.sharethis.com
0157;03-2-2014T15:45:12;wd.sharethis.com
0157;03-2-2014T15:45:12;static.ak.facebook.com
0157;03-2-2014T15:45:12;w.sharethis.com
0157;03-2-2014T15:45:13;imgn.dt07.net
0157;03-2-2014T15:45:13;www.mangahere.com
0157;03-2-2014T15:45:13;www.facebook.com
0157;03-2-2014T15:45:14;www.facebook.com
0157;03-2-2014T15:45:15;www.google.com
0157;03-2-2014T15:45:16;www.google.com
0157;03-2-2014T15:45:16;www.mangahere.com
0157;03-2-2014T15:45:17;rp.gwallet.com
0157;03-2-2014T15:45:17;static.ak.facebook.com
0157;03-2-2014T15:45:17;wd.sharethis.com
0157;03-2-2014T15:45:23;imgn.dt07.net
0157;03-2-2014T15:45:23;www.mangahere.com
0157;03-2-2014T15:45:24;match.rtbidder.net
0157;03-2-2014T15:45:24;www.facebook.com
0157;03-2-2014T15:45:24;c1.adform.net
0157;03-2-2014T15:45:36;imgn.dt07.net
0157;03-2-2014T15:45:36;www.mangahere.com
0157;03-2-2014T15:45:36;static.ak.facebook.com
0157;03-2-2014T15:45:36;c1.adform.net
0157;03-2-2014T15:45:37;wd.sharethis.com
0157;03-2-2014T15:45:40;www.facebook.com
0157;03-2-2014T15:45:41;imgn.dt07.net
0157;03-2-2014T15:45:41;w.sharethis.com
0157;03-2-2014T15:45:42;www.mangahere.com
0157;03-2-2014T15:45:42;w.sharethis.com
0157;03-2-2014T15:45:42;www.facebook.com
0157;03-2-2014T15:45:44;www.mangahere.com
0157;03-2-2014T15:45:44;static.ak.facebook.com
0157;03-2-2014T15:45:45;wd.sharethis.com
0157;03-2-2014T15:45:45;w.sharethis.com
0157;03-2-2014T15:45:48;imgn.dt07.net
0157;03-2-2014T15:45:48;www.mangahere.com
0157;03-2-2014T15:45:49;www.facebook.com
0157;03-2-2014T15:45:49;adventori.com
0157;03-2-2014T15:45:50;www.mangahere.com
0157;03-2-2014T15:45:50;static.ak.facebook.com
0157;03-2-2014T15:45:52;wd.sharethis.com
0157;03-2-2014T15:45:55;apnx-match.dotomi.com
0157;03-2-2014T15:45:56;adventori.com
0157;03-2-2014T15:46:10;imgn.dt07.net
0157;03-2-2014T15:46:10;www.mangahere.com
0157;03-2-2014T15:46:10;www.facebook.com
0157;03-2-2014T15:46:11;www.facebook.com
0157;03-2-2014T15:46:13;www.mangahere.com
0157;03-2-2014T15:46:13;static.ak.facebook.com
0157;03-2-2014T15:46:13;wd.sharethis.com
0157;03-2-2014T15:46:19;imgn.dt07.net
0157;03-2-2014T15:46:19;www.mangahere.com
0157;03-2-2014T15:46:19;www.facebook.com
0157;03-2-2014T15:46:20;www.mangahere.com
0157;03-2-2014T15:46:21;static.ak.facebook.com
0157;03-2-2014T15:46:23;wd.sharethis.com
0157;03-2-2014T15:46:29;imgn.dt07.net
0157;03-2-2014T15:46:29;www.mangahere.com
0157;03-2-2014T15:46:29;www.facebook.com
0157;03-2-2014T15:46:30;dot.foxnetworks.com
0157;03-2-2014T15:46:30;www.mangahere.com
0157;03-2-2014T15:46:31;static.ak.facebook.com
0157;03-2-2014T15:46:32;imgn.dt07.net
0157;03-2-2014T16:12:20;maps.google.fr
0157;03-2-2014T16:12:23;maps.google.fr
0157;03-2-2014T16:19:22;mail.google.com
0157;17-2-2014T13:25:10;google.fr
0157;17-2-2014T13:25:10;www.google.fr
0157;17-2-2014T13:25:11;clients1.google.fr
0157;17-2-2014T13:25:13;clients1.google.fr
0157;17-2-2014T13:25:14;www.google.fr
0157;17-2-2014T13:25:16;clients1.google.fr
0157;17-2-2014T13:25:17;clients1.google.fr
0157;17-2-2014T13:25:19;clients1.google.fr
0157;17-2-2014T13:25:21;clients1.google.fr
0157;17-2-2014T13:25:22;www.google.fr
0157;17-2-2014T13:25:22;clients1.google.fr
0157;17-2-2014T13:25:24;www.google.fr
0157;17-2-2014T13:25:24;www.malgouyres.org
0157;17-2-2014T13:25:25;www.malgouyres.org
0157;17-2-2014T13:25:25;plugins.longtailvideo.com
0157;17-2-2014T13:25:26;www.malgouyres.org
0157;17-2-2014T13:25:27;www.malgouyres.org
0157;17-2-2014T13:25:39;www.malgouyres.org
0157;17-2-2014T13:26:30;google.fr
0157;17-2-2014T13:26:30;www.google.fr
0157;17-2-2014T13:26:30;clients1.google.fr
0157;17-2-2014T13:26:31;clients1.google.fr
0157;17-2-2014T13:26:32;clients1.google.fr
0157;17-2-2014T13:26:33;clients1.google.fr
0157;17-2-2014T13:26:34;clients1.google.fr
0157;17-2-2014T13:26:35;clients1.google.fr
0157;17-2-2014T13:26:36;clients1.google.fr
0157;17-2-2014T13:26:36;www.google.fr
0157;17-2-2014T13:26:37;clients1.google.fr
0157;17-2-2014T13:26:41;www.google.fr
0157;17-2-2014T13:26:41;www.ann.jussieu.fr
0157;17-2-2014T14:11:24;www.malgouyres.org
0157;17-2-2014T14:11:40;www.malgouyres.org
0157;17-2-2014T14:12:15;www.malgouyres.org
0157;17-2-2014T14:13:57;assimp.sourceforge.net
0157;17-2-2014T14:13:58;assimp.sourceforge.net
0157;17-2-2014T14:14:51;www.malgouyres.org
0157;17-2-2014T14:15:02;www.malgouyres.org
0157;17-2-2014T14:15:03;www.malgouyres.org
0157;17-2-2014T14:15:33;www.malgouyres.org
0157;17-2-2014T14:28:54;www.google.com
0157;17-2-2014T14:28:55;clients1.google.com
0157;17-2-2014T14:28:55;www.google.com
0157;17-2-2014T14:28:57;www.google.com
0157;17-2-2014T14:28:57;assimp.sourceforge.net
0157;17-2-2014T14:28:58;assimp.sourceforge.net
0157;17-2-2014T14:28:59;assimp.sourceforge.net
0157;17-2-2014T14:28:59;sflogo.sourceforge.net
0157;17-2-2014T14:29:08;a.fsdn.com
0157;17-2-2014T14:29:08;sourceforge.net
0157;17-2-2014T14:29:09;a.fsdn.com
0157;17-2-2014T14:29:09;consent-st.truste.com
0157;17-2-2014T14:29:09;sourceforge.net
0157;17-2-2014T14:29:10;www.google.com
0157;17-2-2014T14:29:10;sourceforge.net
0157;17-2-2014T14:29:21;a.fsdn.com
0157;17-2-2014T14:29:21;consent-st.truste.com
0157;17-2-2014T14:29:21;chart.apis.google.com
0157;17-2-2014T14:29:22;sourceforge.net
0157;17-2-2014T14:29:22;a.fsdn.com
0157;17-2-2014T14:29:22;images.sourceforge.net
0157;17-2-2014T14:29:23;sourceforge.net
0157;17-2-2014T14:29:23;d.startpagea.com
0157;17-2-2014T14:29:24;d.startpagea.com
0157;17-2-2014T14:29:24;consent-st.truste.com
0157;17-2-2014T14:29:24;ajax.googleapis.com
0157;17-2-2014T14:29:56;heanet.dl.sourceforge.net
0157;17-2-2014T14:30:28;sourceforge.net
0157;17-2-2014T14:30:28;a.fsdn.com
0157;17-2-2014T14:30:28;d.startpagea.com
0157;17-2-2014T14:30:29;sourceforge.net
0157;17-2-2014T14:30:29;d.startpagea.com
0157;17-2-2014T14:30:57;d.startpagea.com
0157;17-2-2014T14:30:58;www.google.com
0157;17-2-2014T14:32:01;chart.apis.google.com
0157;17-2-2014T14:32:01;consent-st.truste.com
0157;17-2-2014T14:37:59;fxfeeds.mozilla.com
0157;17-2-2014T14:37:59;newsrss.bbc.co.uk
0157;17-2-2014T14:37:59;feeds.bbci.co.uk
0157;17-2-2014T14:42:32;gmail.com
0157;17-2-2014T14:42:32;mail.google.com
0157;17-2-2014T14:42:57;assimp.sourceforge.net
0157;17-2-2014T14:42:58;assimp.sourceforge.net
0157;17-2-2014T14:55:28;www.google.com
0157;17-2-2014T14:55:31;www.google.com
0157;17-2-2014T14:55:37;www.google.com
0157;17-2-2014T14:55:37;img.youtube.com
0157;17-2-2014T14:55:37;clients1.google.com
0157;17-2-2014T14:55:59;clients1.google.com
0157;17-2-2014T14:56:00;clients1.google.com
0157;17-2-2014T14:56:02;clients1.google.com
0157;17-2-2014T14:56:05;clients1.google.com
0157;17-2-2014T14:56:05;www.google.com
0157;17-2-2014T14:56:06;clients1.google.com
0157;17-2-2014T14:56:18;fr.justin.tv
0157;17-2-2014T15:00:36;www.google.com
0157;17-2-2014T15:00:37;clients1.google.com
0157;17-2-2014T15:00:41;www.google.com
0157;17-2-2014T15:00:42;clients1.google.com
0157;17-2-2014T15:00:53;www.google.com
0157;17-2-2014T15:00:55;www.developpez.net
0157;17-2-2014T15:00:55;ajax.googleapis.com
0157;17-2-2014T15:00:55;www.google.com
0157;17-2-2014T15:00:55;premium.hi-mediaserver.com
0157;17-2-2014T15:00:56;www.developpez.net
0157;17-2-2014T15:00:56;img6.imageshack.us
0157;17-2-2014T15:00:56;img8.imageshack.us
0157;17-2-2014T15:00:57;www.developpez.net
0157;17-2-2014T15:00:58;www.developpez.net
0157;17-2-2014T15:01:05;www.developpez.net
0157;17-2-2014T15:09:44;www.google.com
0157;17-2-2014T15:09:45;clients1.google.com
0157;17-2-2014T15:09:51;www.google.com
0157;17-2-2014T15:09:51;img.youtube.com
0157;17-2-2014T15:09:51;clients1.google.com
0157;17-2-2014T15:09:53;www.google.com
0157;17-2-2014T15:09:54;s2.wp.com
0157;17-2-2014T15:09:54;s0.wp.com
0157;17-2-2014T15:09:54;nickthecoder.wordpress.com
0157;17-2-2014T15:09:54;nickthecoder.files.wordpress.com
0157;17-2-2014T15:09:54;0.gravatar.com
0157;17-2-2014T15:09:54;s1.wp.com
0157;17-2-2014T15:09:54;i0.wp.com
0157;17-2-2014T15:09:54;1.gravatar.com
0157;17-2-2014T15:09:55;s2.wp.com
0157;17-2-2014T15:09:55;2.gravatar.com
0157;17-2-2014T15:09:55;s0.wp.com
0157;17-2-2014T15:09:55;widgets.wp.com
0157;17-2-2014T15:09:55;0.gravatar.com
0157;17-2-2014T15:09:55;nickthecoder.wordpress.com
0157;17-2-2014T15:09:56;widgets.wp.com
0157;17-2-2014T15:10:20;nickthecoder.wordpress.com
0157;17-2-2014T15:10:21;nickthecoder.files.wordpress.com
0157;17-2-2014T15:11:31;nickthecoder.wordpress.com
0157;17-2-2014T15:11:32;s0.wp.com
0157;17-2-2014T15:11:32;s2.wp.com
0157;17-2-2014T15:11:32;nickthecoder.wordpress.com
0157;17-2-2014T15:11:33;s0.wp.com
0157;17-2-2014T15:11:33;s2.wp.com
0157;17-2-2014T15:11:33;s1.wp.com
0157;17-2-2014T15:11:33;0.gravatar.com
0157;17-2-2014T15:11:33;i0.wp.com
0157;17-2-2014T15:11:33;2.gravatar.com
0157;17-2-2014T15:11:33;1.gravatar.com
0157;17-2-2014T15:11:33;nickthecoder.files.wordpress.com
0157;17-2-2014T15:11:33;widgets.wp.com
0157;17-2-2014T15:11:33;nickthecoder.wordpress.com
0157;17-2-2014T15:11:34;s0.wp.com
0157;17-2-2014T15:11:34;widgets.wp.com
0157;17-2-2014T15:13:40;nickthecoder.wordpress.com
0157;17-2-2014T15:14:53;www.ctqi.com
0157;17-2-2014T15:14:53;ajax.googleapis.com
0157;17-2-2014T15:14:54;www.ctqi.com
0157;17-2-2014T15:14:54;www.google.com
0157;17-2-2014T15:14:56;www.ctqi.com
0157;17-2-2014T15:15:03;www.ctqui.com
0157;17-2-2014T15:15:04;www.ctqui.com
0157;17-2-2014T15:15:04;www.ousurfer.com
0157;17-2-2014T15:15:04;ea.numericable.fr
0157;17-2-2014T15:15:04;k37ovpd8sd.s.ad6media.fr
0157;17-2-2014T15:15:05;www.ctqui.com
0157;17-2-2014T15:15:06;www.ctqui.com
0157;17-2-2014T15:15:52;ea.numericable.fr
0157;17-2-2014T15:16:11;www.ctqui.com
0157;17-2-2014T15:16:12;www.ctqui.com
0157;17-2-2014T15:16:12;www.mydays.de
0157;17-2-2014T15:16:13;ywmgajp9wv.s.ad6media.fr
0157;17-2-2014T15:16:14;www.google.com
0157;17-2-2014T15:16:15;www.google.com
0157;17-2-2014T15:16:15;www.google.fr
0157;17-2-2014T15:21:36;www.google.com
0157;17-2-2014T15:22:03;www.google.com
0157;17-2-2014T15:22:04;clients1.google.com
0157;17-2-2014T15:22:05;www.google.com
0157;17-2-2014T15:22:16;www.google.com
0157;17-2-2014T15:22:34;www.google.com
0157;17-2-2014T15:22:35;www.google.com
0157;03-3-2014T14:32:38;armmf.adobe.com
0157;03-3-2014T14:33:23;armmf.adobe.com
0157;03-3-2014T14:35:29;geo.mozilla.org
0157;03-3-2014T14:35:36;snippets-stats.mozilla.org
0157;03-3-2014T14:37:24;javadl-esd-secure.oracle.com
0157;03-3-2014T14:38:16;sb-ssl.google.com
0157;03-3-2014T14:38:17;cdns.gigya.com
0157;03-3-2014T14:39:38;accounts.youtube.com
0157;03-3-2014T14:39:40;accounts.google.com
0157;03-3-2014T14:40:11;javadl-esd-secure.oracle.com
0157;03-3-2014T14:42:40;accounts.youtube.com
0157;03-3-2014T14:42:40;accounts.google.co.ma
0157;03-3-2014T14:42:40;accounts.google.fr
0157;03-3-2014T14:42:47;clients2.google.com
0157;03-3-2014T14:42:47;www.google.com
0157;03-3-2014T14:42:49;accounts.google.com
0157;03-3-2014T14:42:50;plus.google.com
0157;03-3-2014T14:42:52;apis.google.com
0157;03-3-2014T14:42:52;chatenabled.mail.google.com
0157;03-3-2014T14:44:20;www.facebook.com
0157;03-3-2014T14:44:20;s-static.ak.facebook.com
0157;03-3-2014T14:44:50;twitter.com
0157;03-3-2014T14:47:17;apis.google.com
0157;03-3-2014T14:47:17;accounts.google.com
0157;03-3-2014T14:53:55;plus.google.com
0157;03-3-2014T15:13:02;plus.google.com
0157;03-3-2014T15:24:52;mail.google.com
0157;05-3-2014T10:25:24;ocsp.thawte.com
0157;05-3-2014T10:26:20;safebrowsing.clients.google.com
0157;05-3-2014T10:26:20;safebrowsing-cache.google.com
0157;05-3-2014T10:33:57;accounts.youtube.com
0157;05-3-2014T10:33:57;accounts.google.co.ma
0157;05-3-2014T10:33:57;accounts.google.fr
0157;05-3-2014T10:34:05;clients2.google.com
0157;05-3-2014T10:34:05;www.google.com
0157;05-3-2014T10:34:11;accounts.google.com
0157;05-3-2014T10:34:16;chatenabled.mail.google.com
0157;05-3-2014T10:35:43;plus.google.com
0157;05-3-2014T10:35:50;apis.google.com
0157;05-3-2014T10:36:14;plus.google.com
0157;05-3-2014T10:36:14;mail.google.com
0157;05-3-2014T11:31:13;accounts.google.com
0157;05-3-2014T11:31:14;accounts.youtube.com
0157;05-3-2014T11:31:16;mail.google.com
0157;05-3-2014T11:31:17;accounts.google.co.ma
0157;05-3-2014T11:31:17;accounts.google.fr
0157;05-3-2014T11:31:24;accounts.google.com
0157;05-3-2014T11:31:24;accounts.youtube.com
0157;05-3-2014T11:31:24;accounts.google.co.ma
0157;05-3-2014T11:31:26;clients2.google.com
0157;05-3-2014T11:31:26;accounts.google.fr
0157;05-3-2014T11:31:26;www.google.com
0157;05-3-2014T11:31:26;apis.google.com
0157;05-3-2014T11:31:26;mail.google.com
0157;05-3-2014T11:31:27;mail.google.com
0157;05-3-2014T11:31:27;plus.google.com
0157;05-3-2014T11:31:31;clients2.google.com
0157;05-3-2014T11:31:34;chatenabled.mail.google.com
0157;05-3-2014T11:31:35;mail.google.com
0157;05-3-2014T11:31:43;www.google.com
0157;05-3-2014T11:31:43;plus.google.com
0157;05-3-2014T11:31:43;apis.google.com
0157;05-3-2014T11:31:43;accounts.google.com
0157;05-3-2014T11:31:43;chatenabled.mail.google.com
0157;05-3-2014T11:31:43;mail.google.com
0157;05-3-2014T11:31:52;mail.google.com
0157;05-3-2014T11:31:52;plus.google.com
0157;05-3-2014T11:31:53;mail.google.com
0157;05-3-2014T11:31:54;plus.google.com
0157;05-3-2014T11:31:54;mail.google.com
0157;05-3-2014T11:31:55;mail.google.com
0157;05-3-2014T11:31:56;plus.google.com
0157;05-3-2014T11:33:24;plus.google.com
0157;05-3-2014T11:33:24;apis.google.com
0157;05-3-2014T11:33:24;mail.google.com
0157;05-3-2014T11:33:30;drive.google.com
0157;05-3-2014T11:33:32;ieonline.microsoft.com
0157;05-3-2014T11:33:56;mail.google.com
0157;05-3-2014T11:33:57;mail.google.com
0157;05-3-2014T11:33:57;drive.google.com
0157;05-3-2014T11:33:58;apis.google.com
0157;05-3-2014T11:34:00;clients6.google.com
0157;05-3-2014T11:35:33;mail.google.com
0157;05-3-2014T11:37:33;mail.google.com
0157;05-3-2014T11:38:00;drive.google.com
0157;05-3-2014T11:38:01;apis.google.com
0157;05-3-2014T11:38:01;clients6.google.com
0157;05-3-2014T11:38:25;plus.google.com
0157;05-3-2014T11:38:55;www.lufthansa.com
0157;05-3-2014T11:38:58;www.lufthansa.com
0157;05-3-2014T11:39:00;www.lufthansa.com
0157;05-3-2014T11:39:01;www.google.com
0157;05-3-2014T11:39:01;www.lufthansa.com
0157;05-3-2014T11:40:54;www.google.com
0157;05-3-2014T11:45:38;plus.google.com
0157;05-3-2014T11:45:48;plus.google.com
0157;05-3-2014T11:49:09;book.lufthansa.com
0157;05-3-2014T11:49:15;www.lufthansa.com
0157;05-3-2014T11:49:18;book.lufthansa.com
0157;05-3-2014T11:49:21;www.lufthansa.com
0157;05-3-2014T11:49:21;book.lufthansa.com
0157;05-3-2014T11:49:22;book.lufthansa.com
0157;05-3-2014T11:49:28;mail.google.com
0157;05-3-2014T11:49:28;drive.google.com
0157;05-3-2014T11:49:28;www.lufthansa.com
0157;05-3-2014T11:49:28;book.lufthansa.com
0157;05-3-2014T11:49:30;book.lufthansa.com
0157;05-3-2014T11:49:32;book.lufthansa.com
0157;05-3-2014T11:49:33;book.lufthansa.com
0157;05-3-2014T11:49:51;book.lufthansa.com
0157;05-3-2014T11:49:58;book.lufthansa.com
0157;05-3-2014T11:50:24;book.lufthansa.com
0157;05-3-2014T11:50:25;www.google.com
0157;05-3-2014T11:51:34;book.lufthansa.com
0157;05-3-2014T11:51:34;www.google.com
0157;05-3-2014T11:51:35;book.lufthansa.com
0157;05-3-2014T11:51:35;www.google.com
0157;05-3-2014T11:51:35;mail.google.com
0157;05-3-2014T11:51:35;plus.google.com
0157;18-3-2014T14:10:41;sb-ssl.google.com
0157;18-3-2014T14:11:04;plus.google.com
0157;18-3-2014T14:11:04;apis.google.com
0157;18-3-2014T14:11:05;www.google.com
0157;18-3-2014T14:11:05;www.google.fr
0157;18-3-2014T14:16:03;mail.google.com
0157;18-3-2014T14:16:03;accounts.google.com
0157;21-3-2014T12:37:09;api.bing.com
0157;21-3-2014T12:37:10;gmail.com
0157;21-3-2014T12:37:11;mail.google.com
0157;21-3-2014T12:41:07;us-request.foxitservice.com
0157;21-3-2014T12:37:13;accounts.google.com
0157;21-3-2014T12:37:14;accounts.youtube.com
0157;21-3-2014T12:37:18;mail.google.com
0157;21-3-2014T12:37:22;www.google.com
0157;21-3-2014T12:39:10;www.google.com
0157;21-3-2014T12:39:10;accounts.google.com
0157;21-3-2014T12:39:10;mail.google.com
0157;21-3-2014T12:39:10;accounts.youtube.com
0157;21-3-2014T12:39:36;ieonline.microsoft.com
0157;21-3-2014T12:40:06;accounts.google.co.ma
0157;21-3-2014T12:40:07;accounts.google.fr
0157;21-3-2014T12:40:15;clients2.google.com
0157;21-3-2014T12:40:15;accounts.google.com
0157;21-3-2014T12:40:15;accounts.google.co.ma
0157;21-3-2014T12:40:16;accounts.google.fr
0157;21-3-2014T12:40:16;apis.google.com
0157;21-3-2014T12:40:16;mail.google.com
0157;21-3-2014T12:40:17;plus.google.com
0157;21-3-2014T12:40:19;www.google.com
0157;21-3-2014T12:40:23;clients2.google.com
0157;21-3-2014T12:40:23;chatenabled.mail.google.com
0157;21-3-2014T12:40:24;mail.google.com
0157;21-3-2014T12:40:45;plus.google.com
0157;21-3-2014T12:40:46;accounts.google.com
0157;21-3-2014T12:40:46;plus.google.com
0157;21-3-2014T12:40:46;chatenabled.mail.google.com
0157;21-3-2014T12:40:47;apis.google.com
0157;21-3-2014T12:40:47;mail.google.com
0157;21-3-2014T12:40:47;drive.google.com
0157;21-3-2014T12:40:48;drive.google.com
0157;21-3-2014T12:40:49;mail.google.com
0157;21-3-2014T12:40:50;mail.google.com
0157;21-3-2014T12:40:59;mail.google.com
0157;21-3-2014T12:42:11;mail.google.com
0157;21-3-2014T12:42:14;mail.google.com
0157;21-3-2014T12:42:18;clients6.google.com
0157;21-3-2014T12:42:19;mail.google.com
0157;21-3-2014T12:42:30;apis.google.com
0157;21-3-2014T12:42:41;drive.google.com
0157;21-3-2014T12:43:40;mail.google.com
0157;21-3-2014T12:43:40;clients6.google.com
0157;21-3-2014T12:46:30;apis.google.com
0157;21-3-2014T12:46:31;chatenabled.mail.google.com
0157;21-3-2014T12:47:40;clients6.google.com
0157;21-3-2014T12:49:39;mail.google.com
0157;21-3-2014T12:50:49;mail.google.com
