0483;19-11-2013T13:32:21;fpdownload2.macromedia.com
0483;19-11-2013T13:32:24;go.microsoft.com
0483;19-11-2013T13:32:24;www.iegallery.com
0483;19-11-2013T13:32:25;www.iegallery.com
0483;19-11-2013T13:32:26;www.iegallery.com
0483;19-11-2013T13:32:26;api.bing.com
0483;19-11-2013T13:32:27;www.iegallery.com
0483;19-11-2013T13:32:28;api.bing.com
0483;19-11-2013T13:32:29;www.iegallery.com
0483;19-11-2013T13:32:30;www.iegallery.com
0483;19-11-2013T13:32:30;www.bing.com
0483;19-11-2013T13:32:31;www.bing.com
0483;19-11-2013T13:32:32;www.bing.com
0483;19-11-2013T13:32:32;cms.abmr.net
0483;19-11-2013T13:32:45;www.bing.com
0483;19-11-2013T13:32:45;www.clubic.com
0483;19-11-2013T13:32:46;emailretargeting.com
0483;19-11-2013T13:32:46;www.clubic.com
0483;19-11-2013T13:32:46;dc1w54.wysistat.com
0483;19-11-2013T13:32:46;listener.ezakus.net
0483;19-11-2013T13:32:48;www.clubic.com
0483;19-11-2013T13:32:53;www.bing.com
0483;19-11-2013T13:33:05;www.bing.com
0483;19-11-2013T13:33:14;www.bing.com
0483;19-11-2013T13:33:15;www.bing.com
0483;19-11-2013T13:33:17;www.bing.com
0483;19-11-2013T13:33:18;2079134.r.msn.com
0483;19-11-2013T13:33:18;www.01-telecharger.com
0483;19-11-2013T13:33:19;ajax.googleapis.com
0483;19-11-2013T13:33:19;www.01-telecharger.com
0483;19-11-2013T13:33:22;www.downloaderds.com
0483;19-11-2013T13:33:22;www.01-telecharger.com
0483;19-11-2013T13:33:23;www.01-telecharger.com
0483;19-11-2013T13:33:31;www.01-telecharger.com
0483;19-11-2013T13:33:32;hal9000.redintelligence.net
0483;19-11-2013T13:33:32;code.jquery.com
0483;19-11-2013T13:33:33;hal9000.redintelligence.net
0483;19-11-2013T13:33:33;n25.hal9000.redintelligence.net
0483;19-11-2013T13:33:36;code.jquery.com
0483;19-11-2013T13:33:37;www.01-telecharger.com
0483;19-11-2013T13:33:37;hal9000.redintelligence.net
0483;19-11-2013T13:33:38;www.downloaderds.com
0483;19-11-2013T13:33:38;code.jquery.com
0483;19-11-2013T13:33:39;www.downloaderds.com
0483;19-11-2013T13:33:39;www.lahalle.com
0483;19-11-2013T13:33:39;ad.publicidees.com
0483;19-11-2013T13:33:39;boutique-online.orange.fr
0483;19-11-2013T13:33:40;www.downloaderds.com
0483;19-11-2013T13:33:40;landings.appmefun.com
0483;19-11-2013T13:33:40;landings.api.cloudioo.net
0483;19-11-2013T13:33:40;ea.numericable.fr
0483;19-11-2013T13:33:41;www.01-telecharger.com
0483;19-11-2013T13:33:41;www.downloaderds.com
0483;19-11-2013T13:33:58;api.bing.com
0483;19-11-2013T13:34:00;www.bing.com
0483;19-11-2013T13:34:05;www.bing.com
0483;19-11-2013T13:34:06;www.clubic.com
0483;19-11-2013T13:34:06;listener.ezakus.net
0483;19-11-2013T13:34:06;dc1w54.wysistat.com
0483;19-11-2013T13:34:24;www.clubic.com
0483;19-11-2013T13:34:24;1.im6.fr
0483;19-11-2013T13:34:24;img.clubic.com
0483;19-11-2013T13:34:24;clubic.com
0483;19-11-2013T13:34:24;2.im6.fr
0483;19-11-2013T13:34:24;broadcast.piximedia.fr
0483;19-11-2013T13:34:25;widget.achetezfacile.com
0483;19-11-2013T13:34:25;ajax.googleapis.com
0483;19-11-2013T13:34:25;i.htfacile.fr
0483;19-11-2013T13:34:25;www.clubic.com
0483;19-11-2013T13:34:25;broadcast.piximedia.fr
0483;19-11-2013T13:34:26;connect.facebook.net
0483;19-11-2013T13:34:26;platform.twitter.com
0483;19-11-2013T13:34:26;broadcast.piximedia.fr
0483;19-11-2013T13:34:27;broadcast.piximedia.fr
0483;19-11-2013T13:34:27;static.ak.facebook.com
0483;19-11-2013T13:34:28;www.google.com
0483;19-11-2013T13:34:28;broadcast.piximedia.fr
0483;19-11-2013T13:34:29;www.clubic.com
0483;19-11-2013T13:34:39;www.clubic.com
0483;19-11-2013T13:34:40;www.clubic.com
0483;19-11-2013T13:34:40;dc1w54.wysistat.com
0483;19-11-2013T13:34:40;listener.ezakus.net
0483;19-11-2013T13:34:40;videosfr.s3.amazonaws.com
0483;19-11-2013T13:34:41;www.clubic.com
0483;19-11-2013T13:34:41;1.im6.fr
0483;19-11-2013T13:34:41;www.google.com
0483;19-11-2013T13:34:42;widget.achetezfacile.com
0483;19-11-2013T13:34:42;i.htfacile.fr
0483;19-11-2013T13:34:42;adventori.com
0483;19-11-2013T13:34:44;connect.facebook.net
0483;19-11-2013T13:34:45;static.ak.facebook.com
0483;19-11-2013T13:34:48;i1-js-14-3-01-12434-963276818-i.init.cedexis-radar.net
0483;19-11-2013T13:34:49;aws-ap-southeast-2a.bench.cedexis.com
0483;19-11-2013T13:34:56;api.bing.com
0483;19-11-2013T13:34:58;api.bing.com
0483;19-11-2013T13:34:59;api.bing.com
0483;19-11-2013T13:35:01;www.bing.com
0483;19-11-2013T13:35:04;www.bing.com
0483;19-11-2013T13:35:13;www.clubic.com
0483;19-11-2013T13:35:13;listener.ezakus.net
0483;19-11-2013T13:35:14;www.clubic.com
0483;19-11-2013T13:35:14;dc1w54.wysistat.com
0483;19-11-2013T13:35:14;img.clubic.com
0483;19-11-2013T13:35:15;img.clubic.com
0483;19-11-2013T13:35:15;www.pepitastore.com
0483;19-11-2013T13:35:15;www.toomai.fr
0483;19-11-2013T13:35:15;www.clubic.com
0483;19-11-2013T13:35:15;1.im6.fr
0483;19-11-2013T13:35:16;1.im6.fr
0483;19-11-2013T13:35:16;img.clubic.com
0483;19-11-2013T13:35:16;www.clubic.com
0483;19-11-2013T13:35:16;pepitastore.com
0483;19-11-2013T13:35:16;widget.achetezfacile.com
0483;19-11-2013T13:35:16;i.htfacile.fr
0483;19-11-2013T13:35:16;shop.pepitastore.com
0483;19-11-2013T13:35:16;static.pepitastore.com
0483;19-11-2013T13:35:17;static.pepitastore.com
0483;19-11-2013T13:35:17;um.simpli.fi
0483;19-11-2013T13:35:17;www.clubic.com
0483;19-11-2013T13:35:18;static.ak.facebook.com
0483;19-11-2013T13:35:19;www.facebook.com
0483;19-11-2013T13:35:20;platform.twitter.com
0483;19-11-2013T13:35:21;i1-js-14-3-01-12434-717176360-i.init.cedexis-radar.net
0483;19-11-2013T13:35:22;zurich.cloudsigma.cedexis.com
0483;19-11-2013T13:35:23;zurich.cloudsigma.cedexis.com
0483;19-11-2013T13:35:23;us-west1.joyent.bench.cedexis.com
0483;19-11-2013T13:35:24;us-west1.joyent.bench.cedexis.com
0483;19-11-2013T13:35:25;gb1.cedexis.swiftserve.com
0483;19-11-2013T13:35:28;gb1.cedexis.swiftserve.com
0483;19-11-2013T13:36:48;img.clubic.com
0483;19-11-2013T13:37:09;www.clubic.com
0483;19-11-2013T13:37:09;listener.ezakus.net
0483;19-11-2013T13:37:09;dc1w54.wysistat.com
0483;19-11-2013T13:37:10;videosfr.s3.amazonaws.com
0483;19-11-2013T13:37:10;www.clubic.com
0483;19-11-2013T13:37:15;widget.achetezfacile.com
0483;19-11-2013T13:37:15;mm.eulerian.net
0483;19-11-2013T13:37:15;its.tradelab.fr
0483;19-11-2013T13:37:16;i.htfacile.fr
0483;19-11-2013T13:37:17;static.ak.facebook.com
0483;19-11-2013T13:37:17;www.facebook.com
0483;19-11-2013T13:37:19;apnx-match.dotomi.com
0483;19-11-2013T13:37:19;i1-js-14-3-01-12434-610274157-i.init.cedexis-radar.net
0483;19-11-2013T13:37:19;dtm.gap.com
0483;19-11-2013T13:37:20;its.tradelab.fr
0483;19-11-2013T13:37:24;fastly.cedexis.com
0483;19-11-2013T13:37:25;fastly.cedexis.com
0483;19-11-2013T13:37:28;www.clubic.com
0483;19-11-2013T13:37:28;listener.ezakus.net
0483;19-11-2013T13:37:28;dc1w54.wysistat.com
0483;19-11-2013T13:37:28;videosfr.s3.amazonaws.com
0483;19-11-2013T13:37:28;img.clubic.com
0483;19-11-2013T13:37:28;1.im6.fr
0483;19-11-2013T13:37:29;1.im6.fr
0483;19-11-2013T13:37:29;ea.virginmobile.fr
0483;19-11-2013T13:37:29;widget.achetezfacile.com
0483;19-11-2013T13:37:29;www.clubic.com
0483;19-11-2013T13:37:29;ajax.googleapis.com
0483;19-11-2013T13:37:29;match.rtbidder.net
0483;19-11-2013T13:37:29;i.htfacile.fr
0483;19-11-2013T13:37:30;i.htfacile.fr
0483;19-11-2013T13:37:30;platform.twitter.com
0483;19-11-2013T13:37:30;connect.facebook.net
0483;19-11-2013T13:37:31;static.ak.facebook.com
0483;19-11-2013T13:37:31;www.facebook.com
0483;19-11-2013T13:37:33;i1-js-14-3-01-12434-165531238-i.init.cedexis-radar.net
0483;19-11-2013T13:37:33;radar.cedexis.swiftserve.com
0483;19-11-2013T13:37:34;radar.cedexis.swiftserve.com
0483;19-11-2013T13:37:36;cedexis-test01.insnw.net
0483;19-11-2013T13:37:37;us-west1.joyent.bench.cedexis.com
0483;19-11-2013T13:37:38;us-west1.joyent.bench.cedexis.com
0483;19-11-2013T13:38:49;evsecure-ocsp.geotrust.com
0483;19-11-2013T13:38:49;evssl-ocsp.geotrust.com
0483;19-11-2013T13:38:49;gtssl-ocsp.geotrust.com
0483;19-11-2013T13:38:49;clients1.google.com
0483;19-11-2013T13:38:50;gtglobal-ocsp.geotrust.com
0483;19-11-2013T13:38:51;clients1.google.com
0483;19-11-2013T13:41:51;gtssl-ocsp.geotrust.com
0483;19-11-2013T13:42:02;clients1.google.com
0483;19-11-2013T13:42:03;gtglobal-ocsp.geotrust.com
0483;19-11-2013T13:42:03;clients1.google.com
0483;19-11-2013T13:42:05;www.google.fr
0483;19-11-2013T13:42:06;clients1.google.com
0483;19-11-2013T13:42:06;ocsp.tcs.terena.org
0483;19-11-2013T13:42:06;ocsp.usertrust.com
0483;19-11-2013T13:42:18;clients1.google.com
0483;19-11-2013T13:44:23;office14client.microsoft.com
0483;19-11-2013T13:44:24;office.microsoft.com
0483;19-11-2013T13:44:25;office.microsoft.com
0483;19-11-2013T13:45:48;safebrowsing.clients.google.com
0483;19-11-2013T13:45:48;safebrowsing-cache.google.com
0483;19-11-2013T13:47:49;ocsp.thawte.com
0483;19-11-2013T13:49:49;ocsp.verisign.com
0483;19-11-2013T13:51:27;fpdownload2.macromedia.com
0483;19-11-2013T13:51:36;www.bing.com
0483;19-11-2013T13:51:36;www.google.com
0483;19-11-2013T13:51:49;ocsp.digicert.com
0483;19-11-2013T13:51:59;www.google.fr
0483;19-11-2013T13:52:41;www.google.fr
0483;19-11-2013T13:52:53;www.google.fr
0483;19-11-2013T13:53:09;www.google.fr
0483;19-11-2013T14:12:41;www.google.fr
0483;19-11-2013T14:17:27;safebrowsing.clients.google.com
0483;19-11-2013T14:17:27;safebrowsing-cache.google.com
0483;19-11-2013T14:46:11;safebrowsing.clients.google.com
0483;19-11-2013T14:46:11;safebrowsing-cache.google.com
0483;19-11-2013T14:46:12;safebrowsing-cache.google.com
0483;19-11-2013T15:16:52;safebrowsing.clients.google.com
0483;19-11-2013T15:16:53;safebrowsing-cache.google.com
0483;19-11-2013T13:32:45;login.live.com
0483;19-11-2013T13:32:58;www.google.com
0483;19-11-2013T13:33:08;login.live.com
0483;19-11-2013T13:33:22;ssl.bing.com
0483;19-11-2013T13:33:28;login.live.com
0483;19-11-2013T13:33:31;apis.google.com
0483;19-11-2013T13:33:32;apis.google.com
0483;19-11-2013T13:33:33;apis.google.com
0483;19-11-2013T13:33:36;accounts.google.com
0483;19-11-2013T13:33:37;static-files-portal-descargas.s3.amazonaws.com
0483;19-11-2013T13:33:38;static-files-portal-descargas.s3.amazonaws.com
0483;19-11-2013T13:33:39;static-files-portal-descargas.s3.amazonaws.com
0483;19-11-2013T13:33:40;static-files-portal-descargas.s3.amazonaws.com
0483;19-11-2013T13:33:41;static-files-portal-descargas.s3.amazonaws.com
0483;19-11-2013T13:34:05;login.live.com
0483;19-11-2013T13:34:20;www.google.com
0483;19-11-2013T13:34:23;ajax.googleapis.com
0483;19-11-2013T13:34:23;www.google.com
0483;19-11-2013T13:34:26;ajax.googleapis.com
0483;19-11-2013T13:34:27;www.facebook.com
0483;19-11-2013T13:34:27;s-static.ak.facebook.com
0483;19-11-2013T13:34:28;www.facebook.com
0483;19-11-2013T13:34:39;twitter.com
0483;19-11-2013T13:34:40;twitter.com
0483;19-11-2013T13:34:41;apis.google.com
0483;19-11-2013T13:34:44;apis.google.com
0483;19-11-2013T13:34:45;s-static.ak.facebook.com
0483;19-11-2013T13:34:45;apis.google.com
0483;19-11-2013T13:34:45;twitter.com
0483;19-11-2013T13:34:47;twitter.com
0483;19-11-2013T13:34:51;twitter.com
0483;19-11-2013T13:35:15;login.live.com
0483;19-11-2013T13:35:18;s-static.ak.facebook.com
0483;19-11-2013T13:35:18;www.facebook.com
0483;19-11-2013T13:35:19;twitter.com
0483;19-11-2013T13:35:55;twitter.com
0483;19-11-2013T13:36:09;syndication.twitter.com
0483;19-11-2013T13:36:40;syndication.twitter.com
0483;19-11-2013T13:36:48;pbs.twimg.com
0483;19-11-2013T13:37:09;platform.twitter.com
0483;19-11-2013T13:37:17;s-static.ak.facebook.com
0483;19-11-2013T13:37:17;twitter.com
0483;19-11-2013T13:37:30;apis.google.com
0483;19-11-2013T13:37:31;twitter.com
0483;19-11-2013T13:37:31;s-static.ak.facebook.com
0483;19-11-2013T13:38:55;www.mozilla.org
0483;19-11-2013T13:38:55;sb-ssl.google.com
0483;19-11-2013T13:41:57;geo.mozilla.org
0483;19-11-2013T13:44:58;apis.google.com
0483;19-11-2013T13:44:59;www.google.fr
0483;19-11-2013T13:44:59;www.google.com
0483;19-11-2013T13:52:00;www.google.fr
0483;19-11-2013T13:52:04;apis.google.com
0483;19-11-2013T13:52:07;www.google.com
0483;19-11-2013T13:52:42;apis.google.com
0483;19-11-2013T13:52:42;www.google.com
0483;19-11-2013T13:52:42;www.google.fr
0483;19-11-2013T13:54:14;ieonline.microsoft.com
0483;19-11-2013T13:54:14;go.microsoft.com
0483;19-11-2013T13:57:22;registration2.services.openoffice.org
0483;19-11-2013T13:57:24;registration2.services.openoffice.org
0483;19-11-2013T13:57:25;registration2.services.openoffice.org
0483;19-11-2013T14:12:42;www.google.fr
0483;19-11-2013T14:12:56;www.google.fr
0483;10-2-2014T13:27:12;api.bing.com
0483;10-2-2014T13:27:13;api.bing.com
0483;10-2-2014T13:27:14;api.bing.com
0483;10-2-2014T13:27:15;api.bing.com
0483;10-2-2014T13:27:17;api.bing.com
0483;10-2-2014T13:27:19;api.bing.com
0483;10-2-2014T13:27:20;api.bing.com
0483;10-2-2014T13:27:21;api.bing.com
0483;10-2-2014T13:27:25;www.bing.com
0483;10-2-2014T13:27:26;www.bing.com
0483;10-2-2014T13:27:26;cms.abmr.net
0483;10-2-2014T13:27:27;www.bing.com
0483;10-2-2014T13:27:28;www.bing.com
0483;10-2-2014T13:27:29;www.bing.com
0483;10-2-2014T13:31:25;ocsp.thawte.com
0483;10-2-2014T13:31:25;clients1.google.com
0483;10-2-2014T13:31:26;gtglobal-ocsp.geotrust.com
0483;10-2-2014T13:31:26;gtssl-ocsp.geotrust.com
0483;10-2-2014T13:31:28;gtssl-ocsp.geotrust.com
0483;10-2-2014T13:32:04;clients1.google.com
0483;10-2-2014T13:32:33;www.google.fr
0483;10-2-2014T13:32:34;www.google.fr
0483;10-2-2014T13:32:36;ocsp.tcs.terena.org
0483;10-2-2014T13:32:36;clients1.google.com
0483;10-2-2014T13:32:36;ocsp.usertrust.com
0483;10-2-2014T13:34:21;clients1.google.com
0483;10-2-2014T13:34:21;ocsp.thawte.com
0483;10-2-2014T13:34:21;gtglobal-ocsp.geotrust.com
0483;10-2-2014T13:34:21;go.microsoft.com
0483;10-2-2014T13:34:21;www.windowsphone.com
0483;10-2-2014T13:34:22;www.windowsphone.com
0483;10-2-2014T13:34:22;cmsresources.windowsphone.com
0483;10-2-2014T13:34:22;resources.windowsphone.com
0483;10-2-2014T13:34:22;feedback.windowsphone.com
0483;10-2-2014T13:34:25;cmsresources.windowsphone.com
0483;10-2-2014T13:34:25;www.windowsphone.com
0483;10-2-2014T13:34:25;cdn-resources.windowsphone.com
0483;10-2-2014T13:34:26;www.windowsphone.com
0483;10-2-2014T13:34:28;feedback.windowsphone.com
0483;10-2-2014T13:34:28;cs.microsoft.com
0483;10-2-2014T13:34:29;c1.microsoft.com
0483;10-2-2014T13:34:29;ocsp.comodoca.com
0483;10-2-2014T13:34:30;ocsp.usertrust.com
0483;10-2-2014T13:34:30;connect.facebook.net
0483;10-2-2014T13:34:30;www.windowsphone.com
0483;10-2-2014T13:34:30;www.facebook.com
0483;10-2-2014T13:34:30;static.ak.facebook.com
0483;10-2-2014T13:34:43;clients1.google.com
0483;10-2-2014T13:34:52;www.google.fr
0483;10-2-2014T13:34:53;clients1.google.com
0483;10-2-2014T13:34:53;ocsp.tcs.terena.org
0483;10-2-2014T13:34:53;ocsp.usertrust.com
0483;10-2-2014T13:36:39;www.bing.com
0483;10-2-2014T13:36:40;www.bing.com
0483;10-2-2014T13:37:16;www.bing.com
0483;10-2-2014T13:37:22;www.bing.com
0483;10-2-2014T13:37:28;www.bing.com
0483;10-2-2014T13:37:48;www.bing.com
0483;10-2-2014T13:37:55;www.bing.com
0483;10-2-2014T13:37:58;www.bing.com
0483;10-2-2014T13:37:59;www.bing.com
0483;10-2-2014T13:38:42;safebrowsing.clients.google.com
0483;10-2-2014T13:38:42;clients1.google.com
0483;10-2-2014T13:38:43;safebrowsing-cache.google.com
0483;10-2-2014T13:38:44;safebrowsing-cache.google.com
0483;10-2-2014T13:42:03;office14client.microsoft.com
0483;10-2-2014T13:42:03;office.microsoft.com
0483;10-2-2014T13:42:06;office.microsoft.com
0483;10-2-2014T13:42:48;api.bing.com
0483;10-2-2014T13:42:49;api.bing.com
0483;10-2-2014T13:42:53;www.bing.com
0483;10-2-2014T13:42:56;www.bing.com
0483;10-2-2014T13:42:58;www.bing.com
0483;10-2-2014T13:42:59;www.bing.com
0483;10-2-2014T13:43:04;www.bing.com
0483;10-2-2014T13:43:19;portal.ncibi.org
0483;10-2-2014T13:43:20;portal.ncibi.org
0483;10-2-2014T13:43:21;portal.ncibi.org
0483;10-2-2014T13:43:22;portal.ncibi.org
0483;10-2-2014T13:43:23;portal.ncibi.org
0483;10-2-2014T13:43:24;portal.ncibi.org
0483;10-2-2014T13:43:24;fpdownload2.macromedia.com
0483;10-2-2014T13:43:25;portal.ncibi.org
0483;10-2-2014T13:43:26;portal.ncibi.org
0483;10-2-2014T13:43:42;portal.ncibi.org
0483;10-2-2014T13:43:45;portal.ncibi.org
0483;10-2-2014T13:44:34;www.bing.com
0483;10-2-2014T13:44:36;www.bing.com
0483;10-2-2014T13:44:41;ocsp.verisign.com
0483;10-2-2014T13:44:42;ocsp.verisign.com
0483;10-2-2014T13:44:44;www.bing.com
0483;10-2-2014T13:44:46;www.bing.com
0483;10-2-2014T13:44:47;www.bing.com
0483;10-2-2014T13:44:48;www.bing.com
0483;10-2-2014T13:44:49;www.ncbi.nlm.nih.gov
0483;10-2-2014T13:44:50;static.pubmed.gov
0483;10-2-2014T13:44:50;www.ncbi.nlm.nih.gov
0483;10-2-2014T13:44:51;static.pubmed.gov
0483;10-2-2014T13:44:51;www.ncbi.nlm.nih.gov
0483;10-2-2014T13:44:52;www.ncbi.nlm.nih.gov
0483;10-2-2014T13:44:53;www.ncbi.nlm.nih.gov
0483;10-2-2014T13:45:34;www.ncbi.nlm.nih.gov
0483;10-2-2014T13:45:35;www.ncbi.nlm.nih.gov
0483;10-2-2014T13:45:35;static.pubmed.gov
0483;10-2-2014T13:45:36;www.ncbi.nlm.nih.gov
0483;10-2-2014T13:45:57;www.ncbi.nlm.nih.gov
0483;10-2-2014T13:46:21;www.ncbi.nlm.nih.gov
0483;10-2-2014T13:46:42;ocsp.digicert.com
0483;10-2-2014T13:48:48;www.ncbi.nlm.nih.gov
0483;10-2-2014T13:48:49;www.ncbi.nlm.nih.gov
0483;10-2-2014T13:48:55;static.pubmed.gov
0483;10-2-2014T13:48:55;www.ncbi.nlm.nih.gov
0483;10-2-2014T13:48:56;www.ncbi.nlm.nih.gov
0483;10-2-2014T13:48:56;static.pubmed.gov
0483;10-2-2014T13:48:57;static.pubmed.gov
0483;10-2-2014T13:48:58;static.pubmed.gov
0483;10-2-2014T13:48:58;www.ncbi.nlm.nih.gov
0483;10-2-2014T13:48:59;static.pubmed.gov
0483;10-2-2014T13:49:39;www.ncbi.nlm.nih.gov
0483;10-2-2014T13:49:40;www.ncbi.nlm.nih.gov
0483;10-2-2014T13:49:40;static.pubmed.gov
0483;10-2-2014T13:49:41;www.ncbi.nlm.nih.gov
0483;10-2-2014T13:49:43;www.ncbi.nlm.nih.gov
0483;10-2-2014T13:49:43;static.pubmed.gov
0483;10-2-2014T13:49:44;static.pubmed.gov
0483;10-2-2014T13:51:42;www.ncbi.nlm.nih.gov
0483;10-2-2014T13:51:48;www.ncbi.nlm.nih.gov
0483;10-2-2014T13:53:34;static.pubmed.gov
0483;10-2-2014T13:54:33;www.ncbi.nlm.nih.gov
0483;10-2-2014T13:54:34;www.ncbi.nlm.nih.gov
0483;10-2-2014T13:54:35;static.pubmed.gov
0483;10-2-2014T13:54:36;static.pubmed.gov
0483;10-2-2014T13:54:36;www.ncbi.nlm.nih.gov
0483;10-2-2014T13:54:39;www.ncbi.nlm.nih.gov
0483;10-2-2014T13:56:02;www.ncbi.nlm.nih.gov
0483;10-2-2014T13:56:03;www.ncbi.nlm.nih.gov
0483;10-2-2014T13:56:04;static.pubmed.gov
0483;10-2-2014T13:56:04;www.ncbi.nlm.nih.gov
0483;10-2-2014T13:56:05;www.ncbi.nlm.nih.gov
0483;10-2-2014T13:56:08;www.ncbi.nlm.nih.gov
0483;10-2-2014T13:56:17;www.ncbi.nlm.nih.gov
0483;10-2-2014T13:56:18;www.ncbi.nlm.nih.gov
0483;10-2-2014T13:56:18;static.pubmed.gov
0483;10-2-2014T13:56:19;www.ncbi.nlm.nih.gov
0483;10-2-2014T13:56:20;static.pubmed.gov
0483;10-2-2014T13:56:26;www.ncbi.nlm.nih.gov
0483;10-2-2014T13:56:27;www.ncbi.nlm.nih.gov
0483;10-2-2014T13:56:30;www.ncbi.nlm.nih.gov
0483;10-2-2014T13:56:45;www.ncbi.nlm.nih.gov
0483;10-2-2014T13:56:46;www.ncbi.nlm.nih.gov
0483;10-2-2014T13:56:49;www.ncbi.nlm.nih.gov
0483;10-2-2014T13:56:50;www.ncbi.nlm.nih.gov
0483;10-2-2014T13:56:50;static.pubmed.gov
0483;10-2-2014T13:56:51;www.ncbi.nlm.nih.gov
0483;10-2-2014T13:56:51;static.pubmed.gov
0483;10-2-2014T13:56:53;www.ncbi.nlm.nih.gov
0483;10-2-2014T13:56:54;www.ncbi.nlm.nih.gov
0483;10-2-2014T13:56:54;static.pubmed.gov
0483;10-2-2014T13:57:07;www.ncbi.nlm.nih.gov
0483;10-2-2014T13:57:08;www.ncbi.nlm.nih.gov
0483;10-2-2014T13:57:08;static.pubmed.gov
0483;10-2-2014T13:57:09;www.ncbi.nlm.nih.gov
0483;10-2-2014T13:57:09;static.pubmed.gov
0483;10-2-2014T13:57:10;www.ncbi.nlm.nih.gov
0483;10-2-2014T13:57:10;static.pubmed.gov
0483;10-2-2014T13:57:11;www.ncbi.nlm.nih.gov
0483;10-2-2014T13:57:31;www.ncbi.nlm.nih.gov
0483;10-2-2014T13:57:41;www.ncbi.nlm.nih.gov
0483;10-2-2014T13:58:39;www.ncbi.nlm.nih.gov
0483;10-2-2014T13:58:40;www.ncbi.nlm.nih.gov
0483;10-2-2014T13:58:48;www.ncbi.nlm.nih.gov
0483;10-2-2014T13:58:49;www.ncbi.nlm.nih.gov
0483;10-2-2014T13:58:51;www.ncbi.nlm.nih.gov
0483;10-2-2014T13:58:52;www.ncbi.nlm.nih.gov
0483;10-2-2014T13:59:10;www.ncbi.nlm.nih.gov
0483;10-2-2014T13:59:11;www.ncbi.nlm.nih.gov
0483;10-2-2014T13:59:13;www.ncbi.nlm.nih.gov
0483;10-2-2014T13:59:28;www.ncbi.nlm.nih.gov
0483;10-2-2014T13:59:29;www.ncbi.nlm.nih.gov
0483;10-2-2014T13:59:30;www.ncbi.nlm.nih.gov
0483;10-2-2014T13:59:43;www.ncbi.nlm.nih.gov
0483;10-2-2014T13:59:43;static.pubmed.gov
0483;10-2-2014T13:59:44;www.ncbi.nlm.nih.gov
0483;10-2-2014T14:00:25;www.ncbi.nlm.nih.gov
0483;10-2-2014T14:00:27;static.pubmed.gov
0483;10-2-2014T14:00:27;www.ncbi.nlm.nih.gov
0483;10-2-2014T14:00:28;www.ncbi.nlm.nih.gov
0483;10-2-2014T14:00:28;static.pubmed.gov
0483;10-2-2014T14:00:30;www.ncbi.nlm.nih.gov
0483;10-2-2014T14:00:54;www.ncbi.nlm.nih.gov
0483;10-2-2014T14:00:55;static.pubmed.gov
0483;10-2-2014T14:00:55;www.ncbi.nlm.nih.gov
0483;10-2-2014T14:00:56;www.ncbi.nlm.nih.gov
0483;10-2-2014T14:00:58;static.pubmed.gov
0483;10-2-2014T14:00:58;www.ncbi.nlm.nih.gov
0483;10-2-2014T14:01:46;www.ncbi.nlm.nih.gov
0483;10-2-2014T14:01:47;www.ncbi.nlm.nih.gov
0483;10-2-2014T14:01:48;www.ncbi.nlm.nih.gov
0483;10-2-2014T14:01:50;www.ncbi.nlm.nih.gov
0483;10-2-2014T14:01:54;www.ncbi.nlm.nih.gov
0483;10-2-2014T14:01:55;www.ncbi.nlm.nih.gov
0483;10-2-2014T14:01:56;www.ncbi.nlm.nih.gov
0483;10-2-2014T14:01:58;www.ncbi.nlm.nih.gov
0483;10-2-2014T14:02:45;www.ncbi.nlm.nih.gov
0483;10-2-2014T14:02:46;www.ncbi.nlm.nih.gov
0483;10-2-2014T14:02:47;www.ncbi.nlm.nih.gov
0483;10-2-2014T14:02:49;www.ncbi.nlm.nih.gov
0483;10-2-2014T14:02:50;www.ncbi.nlm.nih.gov
0483;10-2-2014T14:02:52;www.ncbi.nlm.nih.gov
0483;10-2-2014T14:02:58;www.ncbi.nlm.nih.gov
0483;10-2-2014T14:02:59;www.ncbi.nlm.nih.gov
0483;10-2-2014T14:03:00;www.ncbi.nlm.nih.gov
0483;10-2-2014T14:03:28;www.ncbi.nlm.nih.gov
0483;10-2-2014T14:03:29;www.ncbi.nlm.nih.gov
0483;10-2-2014T14:04:08;www.ncbi.nlm.nih.gov
0483;10-2-2014T14:04:09;www.ncbi.nlm.nih.gov
0483;10-2-2014T14:04:10;www.ncbi.nlm.nih.gov
0483;10-2-2014T14:04:11;www.ncbi.nlm.nih.gov
0483;10-2-2014T14:04:13;www.ncbi.nlm.nih.gov
0483;10-2-2014T14:04:21;www.ncbi.nlm.nih.gov
0483;10-2-2014T14:04:22;www.ncbi.nlm.nih.gov
0483;10-2-2014T14:04:23;www.ncbi.nlm.nih.gov
0483;10-2-2014T14:04:24;www.ncbi.nlm.nih.gov
0483;10-2-2014T14:04:25;static.pubmed.gov
0483;10-2-2014T14:04:29;static.pubmed.gov
0483;10-2-2014T14:04:29;www.ncbi.nlm.nih.gov
0483;10-2-2014T14:04:32;www.ncbi.nlm.nih.gov
0483;10-2-2014T14:05:33;www.ncbi.nlm.nih.gov
0483;10-2-2014T14:05:34;www.ncbi.nlm.nih.gov
0483;10-2-2014T14:05:34;static.pubmed.gov
0483;10-2-2014T14:05:35;static.pubmed.gov
0483;10-2-2014T14:05:35;www.ncbi.nlm.nih.gov
0483;10-2-2014T14:05:37;www.ncbi.nlm.nih.gov
0483;10-2-2014T14:05:37;static.pubmed.gov
0483;10-2-2014T14:07:34;safebrowsing.clients.google.com
0483;10-2-2014T14:07:35;safebrowsing-cache.google.com
0483;10-2-2014T14:07:36;safebrowsing-cache.google.com
0483;10-2-2014T14:11:54;www.ncbi.nlm.nih.gov
0483;10-2-2014T14:11:55;www.ncbi.nlm.nih.gov
0483;10-2-2014T14:11:56;www.ncbi.nlm.nih.gov
0483;10-2-2014T14:11:57;www.ncbi.nlm.nih.gov
0483;10-2-2014T14:11:58;www.ncbi.nlm.nih.gov
0483;10-2-2014T14:11:59;www.ncbi.nlm.nih.gov
0483;10-2-2014T14:12:00;www.ncbi.nlm.nih.gov
0483;10-2-2014T14:12:00;static.pubmed.gov
0483;10-2-2014T14:12:03;www.ncbi.nlm.nih.gov
0483;10-2-2014T14:12:05;www.ncbi.nlm.nih.gov
0483;10-2-2014T14:12:06;www.ncbi.nlm.nih.gov
0483;10-2-2014T14:12:07;www.ncbi.nlm.nih.gov
0483;10-2-2014T14:12:08;www.ncbi.nlm.nih.gov
0483;10-2-2014T14:12:09;www.ncbi.nlm.nih.gov
0483;10-2-2014T14:12:10;www.ncbi.nlm.nih.gov
0483;10-2-2014T14:12:13;www.ncbi.nlm.nih.gov
0483;10-2-2014T14:12:18;www.ncbi.nlm.nih.gov
0483;10-2-2014T14:12:34;www.ncbi.nlm.nih.gov
0483;10-2-2014T14:13:11;www.ncbi.nlm.nih.gov
0483;10-2-2014T14:13:12;www.ncbi.nlm.nih.gov
0483;10-2-2014T14:13:16;www.ncbi.nlm.nih.gov
0483;10-2-2014T14:13:23;www.ncbi.nlm.nih.gov
0483;10-2-2014T14:13:34;www.ncbi.nlm.nih.gov
0483;10-2-2014T14:13:36;www.ncbi.nlm.nih.gov
0483;10-2-2014T14:13:39;www.ncbi.nlm.nih.gov
0483;10-2-2014T14:13:42;www.ncbi.nlm.nih.gov
0483;10-2-2014T14:13:43;www.ncbi.nlm.nih.gov
0483;10-2-2014T14:13:44;www.ncbi.nlm.nih.gov
0483;10-2-2014T14:13:45;www.ncbi.nlm.nih.gov
0483;10-2-2014T14:13:46;www.ncbi.nlm.nih.gov
0483;10-2-2014T14:13:47;www.ncbi.nlm.nih.gov
0483;10-2-2014T14:13:48;www.ncbi.nlm.nih.gov
0483;10-2-2014T14:13:49;www.ncbi.nlm.nih.gov
0483;10-2-2014T14:13:50;www.ncbi.nlm.nih.gov
0483;10-2-2014T14:13:51;www.ncbi.nlm.nih.gov
0483;10-2-2014T14:13:52;www.ncbi.nlm.nih.gov
0483;10-2-2014T14:13:53;www.ncbi.nlm.nih.gov
0483;10-2-2014T14:13:54;www.ncbi.nlm.nih.gov
0483;10-2-2014T14:13:55;www.ncbi.nlm.nih.gov
0483;10-2-2014T14:13:57;www.ncbi.nlm.nih.gov
0483;10-2-2014T14:13:58;www.ncbi.nlm.nih.gov
0483;10-2-2014T14:14:02;www.ncbi.nlm.nih.gov
0483;10-2-2014T14:14:54;www.ncbi.nlm.nih.gov
0483;10-2-2014T14:15:06;www.ncbi.nlm.nih.gov
0483;10-2-2014T14:16:40;api.bing.com
0483;10-2-2014T14:16:41;api.bing.com
0483;10-2-2014T14:16:42;api.bing.com
0483;10-2-2014T14:16:43;api.bing.com
0483;10-2-2014T14:16:46;www.bing.com
0483;10-2-2014T14:16:48;www.bing.com
0483;10-2-2014T14:16:56;www.bing.com
0483;10-2-2014T14:17:06;www.hubebi.com
0483;10-2-2014T14:17:06;www.bing.com
0483;10-2-2014T14:17:07;www.hubebi.com
0483;10-2-2014T14:17:09;www.bing.com
0483;10-2-2014T14:17:12;www.bing.com
0483;10-2-2014T14:17:20;www.bing.com
0483;10-2-2014T14:17:28;www.bing.com
0483;10-2-2014T14:17:32;www.bing.com
0483;10-2-2014T14:19:13;api.bing.com
0483;10-2-2014T14:19:14;api.bing.com
0483;10-2-2014T14:19:16;api.bing.com
0483;10-2-2014T14:19:29;api.bing.com
0483;10-2-2014T14:19:30;www.bing.com
0483;10-2-2014T14:19:32;www.bing.com
0483;10-2-2014T14:19:32;www.ebi.ac.uk
0483;10-2-2014T14:19:33;www.ebi.ac.uk
0483;10-2-2014T14:19:34;www.ebi.ac.uk
0483;10-2-2014T14:20:00;www.ebi.ac.uk
0483;10-2-2014T14:20:01;www.ebi.ac.uk
0483;10-2-2014T14:20:21;www.ebi.ac.uk
0483;10-2-2014T14:20:22;www.ebi.ac.uk
0483;10-2-2014T14:20:23;www.ebi.ac.uk
0483;10-2-2014T14:20:24;www.ebi.ac.uk
0483;10-2-2014T14:20:28;www.ebi.ac.uk
0483;10-2-2014T14:20:32;www.ebi.ac.uk
0483;10-2-2014T14:20:33;www.ebi.ac.uk
0483;10-2-2014T14:20:38;www.ebi.ac.uk
0483;10-2-2014T14:20:42;www.ebi.ac.uk
0483;10-2-2014T14:20:55;www.ebi.ac.uk
0483;10-2-2014T14:21:01;www.ebi.ac.uk
0483;10-2-2014T14:21:07;www.ebi.ac.uk
0483;10-2-2014T14:21:14;www.ebi.ac.uk
0483;10-2-2014T14:21:15;www.ebi.ac.uk
0483;10-2-2014T14:21:19;www.ebi.ac.uk
0483;10-2-2014T14:21:20;www.ebi.ac.uk
0483;10-2-2014T14:21:28;www.ebi.ac.uk
0483;10-2-2014T14:21:30;www.ebi.ac.uk
0483;10-2-2014T14:21:31;www.ebi.ac.uk
0483;10-2-2014T14:21:32;www.ebi.ac.uk
0483;10-2-2014T14:24:12;www.bing.com
0483;10-2-2014T14:24:15;www.bing.com
0483;10-2-2014T14:24:15;www.ebi.ac.uk
0483;10-2-2014T14:24:16;www.ebi.ac.uk
0483;10-2-2014T14:24:22;api.bing.com
0483;10-2-2014T14:24:23;api.bing.com
0483;10-2-2014T14:24:24;api.bing.com
0483;10-2-2014T14:24:24;www.bing.com
0483;10-2-2014T14:24:26;www.bing.com
0483;10-2-2014T14:24:27;www.bing.com
0483;10-2-2014T14:24:34;www.bing.com
0483;10-2-2014T14:24:40;www.bing.com
0483;10-2-2014T14:24:41;www.bing.com
0483;10-2-2014T14:24:43;www.bing.com
0483;10-2-2014T14:24:45;www.bing.com
0483;10-2-2014T14:24:45;www.ncbi.nlm.nih.gov
0483;10-2-2014T14:25:00;www.ncbi.nlm.nih.gov
0483;10-2-2014T14:25:01;www.ncbi.nlm.nih.gov
0483;10-2-2014T14:25:12;www.ncbi.nlm.nih.gov
0483;10-2-2014T14:26:43;www.bing.com
0483;10-2-2014T14:26:45;www.bing.com
0483;10-2-2014T14:26:46;www.bing.com
0483;10-2-2014T14:26:53;www.bing.com
0483;10-2-2014T14:26:54;www.bing.com
0483;10-2-2014T14:26:55;www.bing.com
0483;10-2-2014T14:26:56;www.bing.com
0483;10-2-2014T14:26:56;www.microsofttranslator.com
0483;10-2-2014T14:26:57;www.microsofttranslator.com
0483;10-2-2014T14:26:58;www.microsofttranslator.com
0483;10-2-2014T14:26:59;www.microsofttranslator.com
0483;10-2-2014T14:26:59;www.bing.com
0483;10-2-2014T14:26:59;bits.wikimedia.org
0483;10-2-2014T14:27:00;bits.wikimedia.org
0483;10-2-2014T14:27:00;login.wikimedia.org
0483;10-2-2014T14:27:03;meta.wikimedia.org
0483;10-2-2014T14:27:03;en.wikipedia.org
0483;10-2-2014T14:27:03;bits.wikimedia.org
0483;10-2-2014T14:27:04;bits.wikimedia.org
0483;10-2-2014T14:27:04;www.microsofttranslator.com
0483;10-2-2014T14:27:05;www.bing.com
0483;10-2-2014T14:27:08;api.microsofttranslator.com
0483;10-2-2014T14:27:09;api.microsofttranslator.com
0483;10-2-2014T14:27:10;api.microsofttranslator.com
0483;10-2-2014T14:27:11;api.microsofttranslator.com
0483;10-2-2014T14:27:12;api.microsofttranslator.com
0483;10-2-2014T14:27:13;api.microsofttranslator.com
0483;10-2-2014T14:27:14;api.microsofttranslator.com
0483;10-2-2014T14:27:15;api.microsofttranslator.com
0483;10-2-2014T14:27:29;www.ncbi.nlm.nih.gov
0483;10-2-2014T14:28:19;www.ncbi.nlm.nih.gov
0483;10-2-2014T14:28:20;www.ncbi.nlm.nih.gov
0483;10-2-2014T14:28:44;www.ncbi.nlm.nih.gov
0483;10-2-2014T14:28:50;www.ncbi.nlm.nih.gov
0483;10-2-2014T14:29:16;www.ncbi.nlm.nih.gov
0483;10-2-2014T14:29:21;www.ncbi.nlm.nih.gov
0483;10-2-2014T14:29:32;www.ncbi.nlm.nih.gov
0483;10-2-2014T14:36:04;clients1.google.com
0483;10-2-2014T14:36:04;gtglobal-ocsp.geotrust.com
0483;10-2-2014T14:36:08;www.google.fr
0483;10-2-2014T14:36:08;www.ebi.ac.uk
0483;10-2-2014T14:36:09;www.ebi.ac.uk
0483;10-2-2014T14:36:10;www.ebi.ac.uk
0483;10-2-2014T14:36:37;www.ncbi.nlm.nih.gov
0483;10-2-2014T14:37:17;www.ebi.ac.uk
0483;10-2-2014T14:37:18;www.ebi.ac.uk
0483;10-2-2014T14:37:19;www.ebi.ac.uk
0483;10-2-2014T14:37:24;www.ebi.ac.uk
0483;10-2-2014T14:37:27;www.ebi.ac.uk
0483;10-2-2014T14:37:30;safebrowsing.clients.google.com
0483;10-2-2014T14:37:30;safebrowsing-cache.google.com
0483;10-2-2014T14:37:31;www.ebi.ac.uk
0483;10-2-2014T14:37:32;safebrowsing-cache.google.com
0483;10-2-2014T14:37:33;safebrowsing-cache.google.com
0483;10-2-2014T14:37:34;safebrowsing-cache.google.com
0483;10-2-2014T14:37:34;www.ebi.ac.uk
0483;10-2-2014T14:37:38;www.ebi.ac.uk
0483;10-2-2014T14:37:42;www.ebi.ac.uk
0483;10-2-2014T14:37:48;www.ebi.ac.uk
0483;10-2-2014T14:37:53;www.ebi.ac.uk
0483;10-2-2014T14:38:05;www.ebi.ac.uk
0483;10-2-2014T14:38:06;www.ebi.ac.uk
0483;10-2-2014T14:38:10;www.ebi.ac.uk
0483;10-2-2014T14:38:14;www.ebi.ac.uk
0483;10-2-2014T14:38:22;www.ebi.ac.uk
0483;10-2-2014T14:38:29;www.ebi.ac.uk
0483;10-2-2014T14:38:36;www.ebi.ac.uk
0483;10-2-2014T14:38:41;www.ebi.ac.uk
0483;10-2-2014T14:38:42;www.ebi.ac.uk
0483;10-2-2014T14:38:52;www.ebi.ac.uk
0483;10-2-2014T14:42:19;www.ebi.ac.uk
0483;10-2-2014T14:42:20;www.ebi.ac.uk
0483;10-2-2014T14:42:20;platform.twitter.com
0483;10-2-2014T14:42:36;www.ebi.ac.uk
0483;10-2-2014T14:43:30;www.ebi.ac.uk
0483;10-2-2014T14:43:45;www.ebi.ac.uk
0483;10-2-2014T14:43:47;www.ebi.ac.uk
0483;10-2-2014T14:47:52;www.ebi.ac.uk
0483;10-2-2014T14:47:55;www.ebi.ac.uk
0483;10-2-2014T14:48:04;www.ebi.ac.uk
0483;10-2-2014T14:48:07;www.ebi.ac.uk
0483;10-2-2014T14:48:10;www.ebi.ac.uk
0483;10-2-2014T14:48:25;www.ebi.ac.uk
0483;10-2-2014T14:48:26;www.ebi.ac.uk
0483;10-2-2014T14:48:39;www.ebi.ac.uk
0483;10-2-2014T14:48:58;www.ebi.ac.uk
0483;10-2-2014T14:49:39;www.ebi.ac.uk
0483;10-2-2014T14:49:43;www.ebi.ac.uk
0483;10-2-2014T14:50:27;www.ebi.ac.uk
0483;10-2-2014T14:50:28;www.ebi.ac.uk
0483;10-2-2014T14:50:29;ajax.googleapis.com
0483;10-2-2014T14:50:29;www.ebi.ac.uk
0483;10-2-2014T14:50:30;www.ebi.ac.uk
0483;10-2-2014T14:50:32;www.ebi.ac.uk
0483;10-2-2014T14:50:47;www.ebi.ac.uk
0483;10-2-2014T14:50:48;www.ebi.ac.uk
0483;10-2-2014T14:50:49;www.ebi.ac.uk
0483;10-2-2014T14:50:50;www.ebi.ac.uk
0483;10-2-2014T14:52:48;www.ebi.ac.uk
0483;10-2-2014T14:52:49;www.ebi.ac.uk
0483;10-2-2014T14:52:50;www.ebi.ac.uk
0483;10-2-2014T14:52:58;www.ebi.ac.uk
0483;10-2-2014T14:52:59;www.ebi.ac.uk
0483;10-2-2014T14:53:01;www.ebi.ac.uk
0483;10-2-2014T14:53:02;www.ebi.ac.uk
0483;10-2-2014T14:53:30;www.ebi.ac.uk
0483;10-2-2014T14:53:31;www.ebi.ac.uk
0483;10-2-2014T14:53:32;www.ebi.ac.uk
0483;10-2-2014T14:55:39;www.google.fr
0483;10-2-2014T14:55:42;bapip.inversiones.gov.ar
0483;10-2-2014T14:55:43;bapip.inversiones.gov.ar
0483;10-2-2014T14:55:44;bapip.inversiones.gov.ar
0483;10-2-2014T14:55:45;bapip.inversiones.gov.ar
0483;10-2-2014T14:55:46;bapip.inversiones.gov.ar
0483;10-2-2014T14:55:49;bapip.inversiones.gov.ar
0483;10-2-2014T14:55:49;www.inversiones.gov.ar
0483;10-2-2014T14:56:03;bapip.inversiones.gov.ar
0483;10-2-2014T14:56:04;bapip.inversiones.gov.ar
0483;10-2-2014T14:56:05;bapip.inversiones.gov.ar
0483;10-2-2014T14:56:05;www.inversiones.gov.ar
0483;10-2-2014T14:56:10;www.google.fr
0483;10-2-2014T14:56:19;www.google.fr
0483;10-2-2014T15:07:47;www.google.fr
0483;10-2-2014T15:07:48;www.onisep.fr
0483;10-2-2014T15:07:49;www.onisep.fr
0483;10-2-2014T15:07:50;oniseptv.onisep.fr
0483;10-2-2014T15:07:50;www.onisep.fr
0483;10-2-2014T15:07:51;gickr.com
0483;10-2-2014T15:07:53;oniseptv.onisep.fr
0483;10-2-2014T15:07:54;www.onisep.fr
0483;10-2-2014T15:07:55;www.onisep.fr
0483;10-2-2014T15:08:02;www.onisep.fr
0483;10-2-2014T15:09:27;safebrowsing.clients.google.com
0483;10-2-2014T15:09:27;safebrowsing-cache.google.com
0483;10-2-2014T15:09:28;safebrowsing-cache.google.com
0483;10-2-2014T15:12:20;www.ncbi.nlm.nih.gov
0483;10-2-2014T13:27:36;login.live.com
0483;10-2-2014T13:31:34;geo.mozilla.org
0483;10-2-2014T13:33:45;sb-ssl.google.com
0483;10-2-2014T13:33:45;www.google.com
0483;10-2-2014T13:33:45;www.google.fr
0483;10-2-2014T13:33:46;apis.google.com
0483;10-2-2014T13:34:30;s-static.ak.facebook.com
0483;10-2-2014T13:37:48;login.live.com
0483;10-2-2014T13:38:03;ssl.bing.com
0483;10-2-2014T13:38:40;www.google.com
0483;10-2-2014T13:38:40;www.google.fr
0483;10-2-2014T13:38:40;apis.google.com
0483;10-2-2014T13:43:18;portal.ncibi.org
0483;10-2-2014T13:43:21;login.live.com
0483;10-2-2014T13:44:36;login.live.com
0483;10-2-2014T13:44:58;login.live.com
0483;10-2-2014T14:17:13;login.live.com
0483;10-2-2014T14:17:14;login.live.com
0483;10-2-2014T14:17:28;ssl.bing.com
0483;10-2-2014T14:17:42;www.ebi.ac.uk
0483;10-2-2014T14:17:43;ssl.bing.com
0483;10-2-2014T14:17:43;www.ebi.ac.uk
0483;10-2-2014T14:17:44;www.ebi.ac.uk
0483;10-2-2014T14:17:54;www.ebi.ac.uk
0483;10-2-2014T14:17:56;www.ebi.ac.uk
0483;10-2-2014T14:18:48;www.ebi.ac.uk
0483;10-2-2014T14:18:49;www.ebi.ac.uk
0483;10-2-2014T14:19:00;www.ebi.ac.uk
0483;10-2-2014T14:19:02;www.ebi.ac.uk
0483;10-2-2014T14:19:32;login.live.com
0483;10-2-2014T14:24:24;login.live.com
0483;10-2-2014T14:24:39;login.live.com
0483;10-2-2014T14:24:43;login.live.com
0483;10-2-2014T14:24:53;ssl.bing.com
0483;10-2-2014T14:24:55;ssl.bing.com
0483;10-2-2014T14:26:53;login.live.com
0483;10-2-2014T14:26:57;ssl.bing.com
0483;10-2-2014T14:38:59;www.google.com
0483;10-2-2014T14:39:03;www.google.fr
0483;10-2-2014T14:58:45;www.google.com
0483;10-2-2014T14:58:46;id.google.fr
0483;10-2-2014T14:59:05;www.google.fr
0483;10-2-2014T15:07:44;www.google.com
0483;10-2-2014T15:10:41;www.google.com
0483;10-2-2014T15:10:42;www.google.fr
0483;17-2-2014T13:28:33;api.bing.com
0483;17-2-2014T13:28:37;www.bing.com
0483;17-2-2014T13:28:38;www.bing.com
0483;17-2-2014T13:28:39;www.bing.com
0483;17-2-2014T13:28:39;cms.abmr.net
0483;17-2-2014T13:34:15;api.bing.com
0483;17-2-2014T13:34:17;www.bing.com
0483;17-2-2014T13:34:19;www.bing.com
0483;17-2-2014T13:34:20;www.ncbi.nlm.nih.gov
0483;17-2-2014T13:34:20;static.pubmed.gov
0483;17-2-2014T13:34:21;www.ncbi.nlm.nih.gov
0483;17-2-2014T13:34:22;www.ncbi.nlm.nih.gov
0483;17-2-2014T13:34:55;www.ncbi.nlm.nih.gov
0483;17-2-2014T13:34:56;static.pubmed.gov
0483;17-2-2014T13:34:57;static.pubmed.gov
0483;17-2-2014T13:34:57;www.ncbi.nlm.nih.gov
0483;17-2-2014T13:34:58;static.pubmed.gov
0483;17-2-2014T13:34:59;static.pubmed.gov
0483;17-2-2014T13:34:59;www.ncbi.nlm.nih.gov
0483;17-2-2014T13:35:00;www.ncbi.nlm.nih.gov
0483;17-2-2014T13:35:00;blast.ncbi.nlm.nih.gov
0483;17-2-2014T13:35:01;blast.ncbi.nlm.nih.gov
0483;17-2-2014T13:37:00;blast.ncbi.nlm.nih.gov
0483;17-2-2014T13:37:01;www.ncbi.nlm.nih.gov
0483;17-2-2014T13:37:01;blast.ncbi.nlm.nih.gov
0483;17-2-2014T13:37:02;blast.ncbi.nlm.nih.gov
0483;17-2-2014T13:37:04;www.ncbi.nlm.nih.gov
0483;17-2-2014T13:37:04;blast.ncbi.nlm.nih.gov
0483;17-2-2014T13:37:53;blast.ncbi.nlm.nih.gov
0483;17-2-2014T13:38:03;blast.ncbi.nlm.nih.gov
0483;17-2-2014T13:38:04;blast.ncbi.nlm.nih.gov
0483;17-2-2014T13:38:05;blast.ncbi.nlm.nih.gov
0483;17-2-2014T13:38:06;blast.ncbi.nlm.nih.gov
0483;17-2-2014T13:38:08;blast.ncbi.nlm.nih.gov
0483;17-2-2014T13:38:27;blast.ncbi.nlm.nih.gov
0483;17-2-2014T13:38:31;blast.ncbi.nlm.nih.gov
0483;17-2-2014T13:38:33;blast.ncbi.nlm.nih.gov
0483;17-2-2014T13:38:35;www.ncbi.nlm.nih.gov
0483;17-2-2014T13:38:37;www.ncbi.nlm.nih.gov
0483;17-2-2014T13:38:37;blast.ncbi.nlm.nih.gov
0483;17-2-2014T13:38:38;blast.ncbi.nlm.nih.gov
0483;17-2-2014T13:38:39;blast.ncbi.nlm.nih.gov
0483;17-2-2014T13:38:42;blast.ncbi.nlm.nih.gov
0483;17-2-2014T13:39:27;blast.ncbi.nlm.nih.gov
0483;17-2-2014T13:40:40;blast.ncbi.nlm.nih.gov
0483;17-2-2014T13:41:49;blast.ncbi.nlm.nih.gov
0483;17-2-2014T13:41:51;blast.ncbi.nlm.nih.gov
0483;17-2-2014T13:41:54;blast.ncbi.nlm.nih.gov
0483;17-2-2014T13:41:56;blast.ncbi.nlm.nih.gov
0483;17-2-2014T13:45:28;blast.ncbi.nlm.nih.gov
0483;17-2-2014T13:51:44;blast.ncbi.nlm.nih.gov
0483;17-2-2014T13:51:49;blast.ncbi.nlm.nih.gov
0483;17-2-2014T13:58:23;blast.ncbi.nlm.nih.gov
0483;17-2-2014T13:58:27;www.ncbi.nlm.nih.gov
0483;17-2-2014T13:58:27;static.pubmed.gov
0483;17-2-2014T13:58:28;static.pubmed.gov
0483;17-2-2014T13:58:31;static.pubmed.gov
0483;17-2-2014T13:58:31;www.ncbi.nlm.nih.gov
0483;17-2-2014T13:58:32;www.ncbi.nlm.nih.gov
0483;17-2-2014T13:58:33;www.ncbi.nlm.nih.gov
0483;17-2-2014T13:58:34;www.ncbi.nlm.nih.gov
0483;17-2-2014T13:58:35;www.ncbi.nlm.nih.gov
0483;17-2-2014T13:58:36;www.ncbi.nlm.nih.gov
0483;17-2-2014T13:58:38;www.ncbi.nlm.nih.gov
0483;17-2-2014T13:58:39;www.ncbi.nlm.nih.gov
0483;17-2-2014T13:58:40;www.ncbi.nlm.nih.gov
0483;17-2-2014T13:58:52;www.ncbi.nlm.nih.gov
0483;17-2-2014T13:58:57;www.ncbi.nlm.nih.gov
0483;17-2-2014T13:58:58;www.ncbi.nlm.nih.gov
0483;17-2-2014T13:59:01;www.ncbi.nlm.nih.gov
0483;17-2-2014T13:59:15;www.ncbi.nlm.nih.gov
0483;17-2-2014T13:59:21;www.ncbi.nlm.nih.gov
0483;17-2-2014T13:59:22;www.ncbi.nlm.nih.gov
0483;17-2-2014T13:59:28;www.ncbi.nlm.nih.gov
0483;17-2-2014T13:59:34;www.ncbi.nlm.nih.gov
0483;17-2-2014T13:59:35;www.ncbi.nlm.nih.gov
0483;17-2-2014T13:59:37;www.ncbi.nlm.nih.gov
0483;17-2-2014T13:59:42;www.ncbi.nlm.nih.gov
0483;17-2-2014T14:02:46;www.ncbi.nlm.nih.gov
0483;17-2-2014T14:02:47;www.ncbi.nlm.nih.gov
0483;17-2-2014T14:02:48;www.ncbi.nlm.nih.gov
0483;17-2-2014T14:02:56;www.ncbi.nlm.nih.gov
0483;17-2-2014T14:02:57;www.ncbi.nlm.nih.gov
0483;17-2-2014T14:03:11;www.ncbi.nlm.nih.gov
0483;17-2-2014T14:03:31;www.ncbi.nlm.nih.gov
0483;17-2-2014T14:03:33;www.ncbi.nlm.nih.gov
0483;17-2-2014T14:03:34;www.ncbi.nlm.nih.gov
0483;17-2-2014T14:03:36;www.ncbi.nlm.nih.gov
0483;17-2-2014T14:03:49;www.ncbi.nlm.nih.gov
0483;17-2-2014T14:03:51;www.ncbi.nlm.nih.gov
0483;17-2-2014T14:03:51;static.pubmed.gov
0483;17-2-2014T14:03:52;static.pubmed.gov
0483;17-2-2014T14:03:52;www.ncbi.nlm.nih.gov
0483;17-2-2014T14:03:55;www.ncbi.nlm.nih.gov
0483;17-2-2014T14:03:55;static.pubmed.gov
0483;17-2-2014T14:05:43;www.ncbi.nlm.nih.gov
0483;17-2-2014T14:05:45;www.ncbi.nlm.nih.gov
0483;17-2-2014T14:05:45;static.pubmed.gov
0483;17-2-2014T14:05:46;www.ncbi.nlm.nih.gov
0483;17-2-2014T14:05:48;www.ncbi.nlm.nih.gov
0483;17-2-2014T14:05:50;www.ncbi.nlm.nih.gov
0483;17-2-2014T14:05:51;www.ncbi.nlm.nih.gov
0483;17-2-2014T14:05:52;www.ncbi.nlm.nih.gov
0483;17-2-2014T14:05:56;www.ncbi.nlm.nih.gov
0483;17-2-2014T14:05:57;www.ncbi.nlm.nih.gov
0483;17-2-2014T14:06:01;www.ncbi.nlm.nih.gov
0483;17-2-2014T14:06:02;www.ncbi.nlm.nih.gov
0483;17-2-2014T14:06:03;www.ncbi.nlm.nih.gov
0483;17-2-2014T14:06:04;www.ncbi.nlm.nih.gov
0483;17-2-2014T14:06:06;www.ncbi.nlm.nih.gov
0483;17-2-2014T14:06:07;www.ncbi.nlm.nih.gov
0483;17-2-2014T14:06:12;www.ncbi.nlm.nih.gov
0483;17-2-2014T14:21:33;blast.ncbi.nlm.nih.gov
0483;17-2-2014T14:21:39;blast.ncbi.nlm.nih.gov
0483;17-2-2014T14:21:39;www.ncbi.nlm.nih.gov
0483;17-2-2014T14:21:40;www.ncbi.nlm.nih.gov
0483;17-2-2014T14:21:42;www.ncbi.nlm.nih.gov
0483;17-2-2014T14:21:44;www.ncbi.nlm.nih.gov
0483;17-2-2014T14:21:45;www.ncbi.nlm.nih.gov
0483;17-2-2014T14:21:46;www.ncbi.nlm.nih.gov
0483;17-2-2014T14:21:47;www.ncbi.nlm.nih.gov
0483;17-2-2014T14:31:39;blast.ncbi.nlm.nih.gov
0483;17-2-2014T14:31:39;www.ncbi.nlm.nih.gov
0483;17-2-2014T14:31:41;www.ncbi.nlm.nih.gov
0483;17-2-2014T14:31:42;www.ncbi.nlm.nih.gov
0483;17-2-2014T14:31:44;www.ncbi.nlm.nih.gov
0483;17-2-2014T14:31:45;www.ncbi.nlm.nih.gov
0483;17-2-2014T14:31:47;www.ncbi.nlm.nih.gov
0483;17-2-2014T14:31:48;www.ncbi.nlm.nih.gov
0483;17-2-2014T14:31:51;blast.ncbi.nlm.nih.gov
0483;17-2-2014T14:31:51;www.ncbi.nlm.nih.gov
0483;17-2-2014T14:31:52;www.ncbi.nlm.nih.gov
0483;17-2-2014T14:31:53;blast.ncbi.nlm.nih.gov
0483;17-2-2014T14:31:53;www.ncbi.nlm.nih.gov
0483;17-2-2014T14:31:55;www.ncbi.nlm.nih.gov
0483;17-2-2014T14:31:56;www.ncbi.nlm.nih.gov
0483;17-2-2014T14:31:58;www.ncbi.nlm.nih.gov
0483;17-2-2014T14:31:59;www.ncbi.nlm.nih.gov
0483;17-2-2014T14:32:00;www.ncbi.nlm.nih.gov
0483;17-2-2014T14:32:02;www.ncbi.nlm.nih.gov
0483;17-2-2014T14:32:03;www.ncbi.nlm.nih.gov
0483;17-2-2014T14:32:05;www.ncbi.nlm.nih.gov
0483;17-2-2014T14:32:06;www.ncbi.nlm.nih.gov
0483;17-2-2014T14:32:07;www.ncbi.nlm.nih.gov
0483;17-2-2014T14:32:34;www.ncbi.nlm.nih.gov
0483;17-2-2014T14:32:54;www.ncbi.nlm.nih.gov
0483;17-2-2014T14:32:55;www.ncbi.nlm.nih.gov
0483;17-2-2014T14:33:06;www.ncbi.nlm.nih.gov
0483;17-2-2014T14:33:15;www.ncbi.nlm.nih.gov
0483;17-2-2014T14:33:28;www.ncbi.nlm.nih.gov
0483;17-2-2014T14:33:29;www.ncbi.nlm.nih.gov
0483;17-2-2014T14:40:48;blast.ncbi.nlm.nih.gov
0483;17-2-2014T14:40:50;blast.ncbi.nlm.nih.gov
0483;17-2-2014T14:40:51;blast.ncbi.nlm.nih.gov
0483;17-2-2014T14:40:56;blast.ncbi.nlm.nih.gov
0483;17-2-2014T14:40:57;blast.ncbi.nlm.nih.gov
0483;17-2-2014T14:40:58;blast.ncbi.nlm.nih.gov
0483;17-2-2014T14:40:59;www.ncbi.nlm.nih.gov
0483;17-2-2014T14:41:00;blast.ncbi.nlm.nih.gov
0483;17-2-2014T14:41:07;blast.ncbi.nlm.nih.gov
0483;17-2-2014T14:41:08;blast.ncbi.nlm.nih.gov
0483;17-2-2014T14:41:09;blast.ncbi.nlm.nih.gov
0483;17-2-2014T14:41:10;blast.ncbi.nlm.nih.gov
0483;17-2-2014T14:41:12;blast.ncbi.nlm.nih.gov
0483;17-2-2014T14:41:13;blast.ncbi.nlm.nih.gov
0483;17-2-2014T14:41:14;blast.ncbi.nlm.nih.gov
0483;17-2-2014T14:41:28;www.bing.com
0483;17-2-2014T14:41:31;www.bing.com
0483;17-2-2014T14:41:32;www.bing.com
0483;17-2-2014T14:41:33;www.ncbi.nlm.nih.gov
0483;17-2-2014T14:41:34;www.bing.com
0483;17-2-2014T14:41:37;www.ncbi.nlm.nih.gov
0483;17-2-2014T14:41:42;blast.ncbi.nlm.nih.gov
0483;17-2-2014T14:41:42;www.ncbi.nlm.nih.gov
0483;17-2-2014T14:41:45;blast.ncbi.nlm.nih.gov
0483;17-2-2014T14:41:46;blast.ncbi.nlm.nih.gov
0483;17-2-2014T14:41:47;blast.ncbi.nlm.nih.gov
0483;17-2-2014T14:41:53;blast.ncbi.nlm.nih.gov
0483;17-2-2014T14:41:53;www.ncbi.nlm.nih.gov
0483;17-2-2014T14:41:56;blast.ncbi.nlm.nih.gov
0483;17-2-2014T14:41:57;www.ncbi.nlm.nih.gov
0483;17-2-2014T14:41:57;blast.ncbi.nlm.nih.gov
0483;17-2-2014T14:41:58;blast.ncbi.nlm.nih.gov
0483;17-2-2014T14:41:59;blast.ncbi.nlm.nih.gov
0483;17-2-2014T14:42:00;blast.ncbi.nlm.nih.gov
0483;17-2-2014T14:42:01;blast.ncbi.nlm.nih.gov
0483;17-2-2014T14:42:02;blast.ncbi.nlm.nih.gov
0483;17-2-2014T14:42:04;blast.ncbi.nlm.nih.gov
0483;17-2-2014T14:42:31;blast.ncbi.nlm.nih.gov
0483;17-2-2014T14:42:32;blast.ncbi.nlm.nih.gov
0483;17-2-2014T14:42:39;blast.ncbi.nlm.nih.gov
0483;17-2-2014T14:42:51;blast.ncbi.nlm.nih.gov
0483;17-2-2014T14:43:19;www.ncbi.nlm.nih.gov
0483;17-2-2014T14:43:25;www.ncbi.nlm.nih.gov
0483;17-2-2014T14:43:26;www.ncbi.nlm.nih.gov
0483;17-2-2014T14:43:26;static.pubmed.gov
0483;17-2-2014T14:43:27;www.ncbi.nlm.nih.gov
0483;17-2-2014T14:43:27;static.pubmed.gov
0483;17-2-2014T14:43:28;www.ncbi.nlm.nih.gov
0483;17-2-2014T14:43:28;static.pubmed.gov
0483;17-2-2014T14:43:29;www.ncbi.nlm.nih.gov
0483;17-2-2014T14:43:32;blast.ncbi.nlm.nih.gov
0483;17-2-2014T14:43:34;blast.ncbi.nlm.nih.gov
0483;17-2-2014T14:44:14;blast.ncbi.nlm.nih.gov
0483;17-2-2014T14:44:17;blast.ncbi.nlm.nih.gov
0483;17-2-2014T14:44:19;www.ncbi.nlm.nih.gov
0483;17-2-2014T14:44:19;blast.ncbi.nlm.nih.gov
0483;17-2-2014T14:44:21;www.ncbi.nlm.nih.gov
0483;17-2-2014T14:44:22;blast.ncbi.nlm.nih.gov
0483;17-2-2014T14:44:25;blast.ncbi.nlm.nih.gov
0483;17-2-2014T14:44:28;blast.ncbi.nlm.nih.gov
0483;17-2-2014T14:44:35;blast.ncbi.nlm.nih.gov
0483;17-2-2014T14:44:49;blast.ncbi.nlm.nih.gov
0483;17-2-2014T14:44:50;blast.ncbi.nlm.nih.gov
0483;17-2-2014T14:44:51;blast.ncbi.nlm.nih.gov
0483;17-2-2014T14:44:53;blast.ncbi.nlm.nih.gov
0483;17-2-2014T14:44:54;blast.ncbi.nlm.nih.gov
0483;17-2-2014T14:44:59;blast.ncbi.nlm.nih.gov
0483;17-2-2014T14:45:03;blast.ncbi.nlm.nih.gov
0483;17-2-2014T14:47:20;www.ncbi.nlm.nih.gov
0483;17-2-2014T14:47:27;blast.ncbi.nlm.nih.gov
0483;17-2-2014T14:47:32;blast.ncbi.nlm.nih.gov
0483;17-2-2014T14:49:50;blast.ncbi.nlm.nih.gov
0483;17-2-2014T14:50:07;blast.ncbi.nlm.nih.gov
0483;17-2-2014T14:52:27;blast.ncbi.nlm.nih.gov
0483;17-2-2014T14:52:30;www.ncbi.nlm.nih.gov
0483;17-2-2014T14:52:31;static.pubmed.gov
0483;17-2-2014T14:52:31;www.ncbi.nlm.nih.gov
0483;17-2-2014T14:52:32;www.ncbi.nlm.nih.gov
0483;17-2-2014T14:52:33;www.ncbi.nlm.nih.gov
0483;17-2-2014T14:53:02;www.ncbi.nlm.nih.gov
0483;17-2-2014T14:53:02;blast.ncbi.nlm.nih.gov
0483;17-2-2014T14:53:03;www.ncbi.nlm.nih.gov
0483;17-2-2014T14:53:03;blast.ncbi.nlm.nih.gov
0483;17-2-2014T14:53:04;www.ncbi.nlm.nih.gov
0483;17-2-2014T14:53:05;www.ncbi.nlm.nih.gov
0483;17-2-2014T14:53:37;blast.ncbi.nlm.nih.gov
0483;17-2-2014T14:53:37;www.ncbi.nlm.nih.gov
0483;17-2-2014T14:53:38;www.ncbi.nlm.nih.gov
0483;17-2-2014T14:53:39;www.ncbi.nlm.nih.gov
0483;17-2-2014T14:53:39;blast.ncbi.nlm.nih.gov
0483;17-2-2014T14:53:40;www.ncbi.nlm.nih.gov
0483;17-2-2014T14:53:41;www.ncbi.nlm.nih.gov
0483;17-2-2014T14:53:42;www.ncbi.nlm.nih.gov
0483;17-2-2014T14:53:43;www.ncbi.nlm.nih.gov
0483;17-2-2014T14:56:50;blast.ncbi.nlm.nih.gov
0483;17-2-2014T15:15:03;blast.ncbi.nlm.nih.gov
0483;17-2-2014T15:15:03;www.ncbi.nlm.nih.gov
0483;17-2-2014T15:15:04;blast.ncbi.nlm.nih.gov
0483;17-2-2014T15:15:05;blast.ncbi.nlm.nih.gov
0483;17-2-2014T15:15:07;blast.ncbi.nlm.nih.gov
0483;17-2-2014T15:15:08;blast.ncbi.nlm.nih.gov
0483;17-2-2014T15:15:12;blast.ncbi.nlm.nih.gov
0483;17-2-2014T15:15:14;blast.ncbi.nlm.nih.gov
0483;17-2-2014T15:15:16;blast.ncbi.nlm.nih.gov
0483;17-2-2014T15:15:17;blast.ncbi.nlm.nih.gov
0483;17-2-2014T15:15:18;blast.ncbi.nlm.nih.gov
0483;17-2-2014T15:15:19;blast.ncbi.nlm.nih.gov
0483;17-2-2014T15:15:21;blast.ncbi.nlm.nih.gov
0483;17-2-2014T15:15:22;blast.ncbi.nlm.nih.gov
0483;17-2-2014T15:15:23;blast.ncbi.nlm.nih.gov
0483;17-2-2014T15:27:02;blast.ncbi.nlm.nih.gov
0483;17-2-2014T15:27:07;blast.ncbi.nlm.nih.gov
0483;17-2-2014T15:27:15;blast.ncbi.nlm.nih.gov
0483;17-2-2014T15:27:15;www.ncbi.nlm.nih.gov
0483;17-2-2014T15:27:16;blast.ncbi.nlm.nih.gov
0483;17-2-2014T15:27:32;blast.ncbi.nlm.nih.gov
0483;17-2-2014T15:27:32;www.ncbi.nlm.nih.gov
0483;17-2-2014T15:28:23;blast.ncbi.nlm.nih.gov
0483;17-2-2014T15:28:29;blast.ncbi.nlm.nih.gov
0483;17-2-2014T15:28:32;blast.ncbi.nlm.nih.gov
0483;17-2-2014T15:28:33;blast.ncbi.nlm.nih.gov
0483;17-2-2014T15:28:36;blast.ncbi.nlm.nih.gov
0483;17-2-2014T15:28:38;blast.ncbi.nlm.nih.gov
0483;17-2-2014T15:28:39;blast.ncbi.nlm.nih.gov
0483;17-2-2014T15:28:40;blast.ncbi.nlm.nih.gov
0483;17-2-2014T15:28:41;blast.ncbi.nlm.nih.gov
0483;17-2-2014T15:28:42;blast.ncbi.nlm.nih.gov
0483;17-2-2014T15:28:44;blast.ncbi.nlm.nih.gov
0483;17-2-2014T15:28:45;blast.ncbi.nlm.nih.gov
0483;17-2-2014T15:28:46;blast.ncbi.nlm.nih.gov
0483;17-2-2014T15:28:47;blast.ncbi.nlm.nih.gov
0483;17-2-2014T15:28:48;blast.ncbi.nlm.nih.gov
0483;17-2-2014T15:29:11;blast.ncbi.nlm.nih.gov
0483;17-2-2014T15:29:12;blast.ncbi.nlm.nih.gov
0483;17-2-2014T15:29:15;blast.ncbi.nlm.nih.gov
0483;17-2-2014T15:29:16;blast.ncbi.nlm.nih.gov
0483;17-2-2014T15:29:17;blast.ncbi.nlm.nih.gov
0483;17-2-2014T15:29:18;blast.ncbi.nlm.nih.gov
0483;17-2-2014T15:29:19;blast.ncbi.nlm.nih.gov
0483;17-2-2014T15:29:21;blast.ncbi.nlm.nih.gov
0483;17-2-2014T15:29:22;blast.ncbi.nlm.nih.gov
0483;17-2-2014T15:29:24;blast.ncbi.nlm.nih.gov
0483;17-2-2014T15:29:44;blast.ncbi.nlm.nih.gov
0483;17-2-2014T15:29:46;blast.ncbi.nlm.nih.gov
0483;17-2-2014T15:30:29;blast.ncbi.nlm.nih.gov
0483;17-2-2014T15:30:34;blast.ncbi.nlm.nih.gov
0483;17-2-2014T15:30:42;blast.ncbi.nlm.nih.gov
0483;17-2-2014T15:31:10;blast.ncbi.nlm.nih.gov
0483;17-2-2014T15:31:12;www.ncbi.nlm.nih.gov
0483;17-2-2014T13:28:40;login.live.com
0483;17-2-2014T13:34:19;login.live.com
0483;17-2-2014T14:41:34;login.live.com
0483;24-2-2014T10:00:38;api.bing.com
0483;24-2-2014T10:00:39;api.bing.com
0483;24-2-2014T10:00:39;www.bing.com
0483;24-2-2014T10:00:40;www.bing.com
0483;24-2-2014T10:00:41;www.bing.com
0483;24-2-2014T10:00:41;cms.abmr.net
0483;24-2-2014T10:00:42;www.bing.com
0483;24-2-2014T10:01:40;player.vimeo.com
0483;24-2-2014T10:01:44;fpdownload2.macromedia.com
0483;24-2-2014T10:04:30;office14client.microsoft.com
0483;24-2-2014T10:04:31;office.microsoft.com
0483;24-2-2014T10:04:32;office.microsoft.com
0483;24-2-2014T10:11:49;api.bing.com
0483;24-2-2014T10:11:50;api.bing.com
0483;24-2-2014T10:11:52;api.bing.com
0483;24-2-2014T10:11:53;api.bing.com
0483;24-2-2014T10:11:54;api.bing.com
0483;24-2-2014T10:11:56;www.bing.com
0483;24-2-2014T10:11:59;www.bing.com
0483;24-2-2014T10:12:00;blast.ncbi.nlm.nih.gov
0483;24-2-2014T10:12:00;www.ncbi.nlm.nih.gov
0483;24-2-2014T10:12:01;blast.ncbi.nlm.nih.gov
0483;24-2-2014T10:12:01;www.ncbi.nlm.nih.gov
0483;24-2-2014T10:12:02;blast.ncbi.nlm.nih.gov
0483;24-2-2014T10:12:03;www.ncbi.nlm.nih.gov
0483;24-2-2014T10:12:03;blast.ncbi.nlm.nih.gov
0483;24-2-2014T10:12:11;blast.ncbi.nlm.nih.gov
0483;24-2-2014T10:12:13;blast.ncbi.nlm.nih.gov
0483;24-2-2014T10:12:14;blast.ncbi.nlm.nih.gov
0483;24-2-2014T10:12:19;blast.ncbi.nlm.nih.gov
0483;24-2-2014T10:12:21;blast.ncbi.nlm.nih.gov
0483;24-2-2014T10:12:23;www.ncbi.nlm.nih.gov
0483;24-2-2014T10:12:24;blast.ncbi.nlm.nih.gov
0483;24-2-2014T10:12:27;blast.ncbi.nlm.nih.gov
0483;24-2-2014T10:12:29;blast.ncbi.nlm.nih.gov
0483;24-2-2014T10:12:33;blast.ncbi.nlm.nih.gov
0483;24-2-2014T10:12:41;www.ncbi.nlm.nih.gov
0483;24-2-2014T10:12:41;blast.ncbi.nlm.nih.gov
0483;24-2-2014T10:12:42;blast.ncbi.nlm.nih.gov
0483;24-2-2014T10:12:43;blast.ncbi.nlm.nih.gov
0483;24-2-2014T10:12:44;blast.ncbi.nlm.nih.gov
0483;24-2-2014T10:12:46;blast.ncbi.nlm.nih.gov
0483;24-2-2014T10:12:47;blast.ncbi.nlm.nih.gov
0483;24-2-2014T10:19:59;blast.ncbi.nlm.nih.gov
0483;24-2-2014T10:20:24;blast.ncbi.nlm.nih.gov
0483;24-2-2014T10:20:25;blast.ncbi.nlm.nih.gov
0483;24-2-2014T10:20:26;blast.ncbi.nlm.nih.gov
0483;24-2-2014T10:20:27;blast.ncbi.nlm.nih.gov
0483;24-2-2014T10:20:28;blast.ncbi.nlm.nih.gov
0483;24-2-2014T10:21:03;api.bing.com
0483;24-2-2014T10:21:04;api.bing.com
0483;24-2-2014T10:21:06;www.bing.com
0483;24-2-2014T10:21:07;www.bing.com
0483;24-2-2014T10:30:56;blast.ncbi.nlm.nih.gov
0483;24-2-2014T10:31:40;blast.ncbi.nlm.nih.gov
0483;24-2-2014T10:33:31;blast.ncbi.nlm.nih.gov
0483;24-2-2014T10:33:31;www.ncbi.nlm.nih.gov
0483;24-2-2014T10:33:32;www.ncbi.nlm.nih.gov
0483;24-2-2014T10:33:34;www.ncbi.nlm.nih.gov
0483;24-2-2014T10:33:35;static.pubmed.gov
0483;24-2-2014T10:33:36;static.pubmed.gov
0483;24-2-2014T10:33:36;www.ncbi.nlm.nih.gov
0483;24-2-2014T10:33:37;www.ncbi.nlm.nih.gov
0483;24-2-2014T10:33:37;static.pubmed.gov
0483;24-2-2014T10:33:38;static.pubmed.gov
0483;24-2-2014T10:33:39;www.ncbi.nlm.nih.gov
0483;24-2-2014T10:33:39;static.pubmed.gov
0483;24-2-2014T10:34:23;www.ncbi.nlm.nih.gov
0483;24-2-2014T10:34:23;static.pubmed.gov
0483;24-2-2014T10:34:24;static.pubmed.gov
0483;24-2-2014T10:34:36;www.ncbi.nlm.nih.gov
0483;24-2-2014T10:34:42;static.pubmed.gov
0483;24-2-2014T10:34:42;www.ncbi.nlm.nih.gov
0483;24-2-2014T10:34:43;www.ncbi.nlm.nih.gov
0483;24-2-2014T10:34:43;static.pubmed.gov
0483;24-2-2014T10:34:46;www.ncbi.nlm.nih.gov
0483;24-2-2014T10:36:44;blast.ncbi.nlm.nih.gov
0483;24-2-2014T10:36:48;blast.ncbi.nlm.nih.gov
0483;24-2-2014T10:36:50;blast.ncbi.nlm.nih.gov
0483;24-2-2014T10:36:51;www.ncbi.nlm.nih.gov
0483;24-2-2014T10:36:57;blast.ncbi.nlm.nih.gov
0483;24-2-2014T10:36:58;www.bing.com
0483;24-2-2014T10:37:00;www.bing.com
0483;24-2-2014T10:37:01;blast.ncbi.nlm.nih.gov
0483;24-2-2014T10:37:02;blast.ncbi.nlm.nih.gov
0483;24-2-2014T10:37:04;blast.ncbi.nlm.nih.gov
0483;24-2-2014T10:38:30;blast.ncbi.nlm.nih.gov
0483;24-2-2014T10:38:42;blast.ncbi.nlm.nih.gov
0483;24-2-2014T10:38:43;blast.ncbi.nlm.nih.gov
0483;24-2-2014T10:38:47;blast.ncbi.nlm.nih.gov
0483;24-2-2014T10:38:48;blast.ncbi.nlm.nih.gov
0483;24-2-2014T10:38:49;blast.ncbi.nlm.nih.gov
0483;24-2-2014T10:38:51;www.ncbi.nlm.nih.gov
0483;24-2-2014T10:38:51;blast.ncbi.nlm.nih.gov
0483;24-2-2014T10:38:53;www.ncbi.nlm.nih.gov
0483;24-2-2014T10:38:54;blast.ncbi.nlm.nih.gov
0483;24-2-2014T10:38:56;www.ncbi.nlm.nih.gov
0483;24-2-2014T10:38:57;blast.ncbi.nlm.nih.gov
0483;24-2-2014T10:38:59;blast.ncbi.nlm.nih.gov
0483;24-2-2014T10:39:09;blast.ncbi.nlm.nih.gov
0483;24-2-2014T10:39:26;blast.ncbi.nlm.nih.gov
0483;24-2-2014T10:39:27;blast.ncbi.nlm.nih.gov
0483;24-2-2014T10:39:33;blast.ncbi.nlm.nih.gov
0483;24-2-2014T10:39:34;blast.ncbi.nlm.nih.gov
0483;24-2-2014T10:39:35;blast.ncbi.nlm.nih.gov
0483;24-2-2014T10:39:37;blast.ncbi.nlm.nih.gov
0483;24-2-2014T10:39:38;blast.ncbi.nlm.nih.gov
0483;24-2-2014T10:39:39;blast.ncbi.nlm.nih.gov
0483;24-2-2014T10:39:42;blast.ncbi.nlm.nih.gov
0483;24-2-2014T10:39:49;blast.ncbi.nlm.nih.gov
0483;24-2-2014T10:39:50;blast.ncbi.nlm.nih.gov
0483;24-2-2014T10:39:51;blast.ncbi.nlm.nih.gov
0483;24-2-2014T10:39:56;blast.ncbi.nlm.nih.gov
0483;24-2-2014T10:39:58;blast.ncbi.nlm.nih.gov
0483;24-2-2014T10:40:25;www.ncbi.nlm.nih.gov
0483;24-2-2014T10:40:28;www.ncbi.nlm.nih.gov
0483;24-2-2014T10:40:50;www.ncbi.nlm.nih.gov
0483;24-2-2014T10:40:56;blast.ncbi.nlm.nih.gov
0483;24-2-2014T10:40:58;www.ncbi.nlm.nih.gov
0483;24-2-2014T10:41:00;www.ncbi.nlm.nih.gov
0483;24-2-2014T10:41:05;www.ncbi.nlm.nih.gov
0483;24-2-2014T10:41:10;static.pubmed.gov
0483;24-2-2014T10:41:10;www.ncbi.nlm.nih.gov
0483;24-2-2014T10:41:13;blast.ncbi.nlm.nih.gov
0483;24-2-2014T10:41:14;blast.ncbi.nlm.nih.gov
0483;24-2-2014T10:41:15;www.ncbi.nlm.nih.gov
0483;24-2-2014T10:41:17;www.ncbi.nlm.nih.gov
0483;24-2-2014T10:41:24;blast.ncbi.nlm.nih.gov
0483;24-2-2014T10:41:27;www.ncbi.nlm.nih.gov
0483;24-2-2014T10:41:27;blast.ncbi.nlm.nih.gov
0483;24-2-2014T10:41:28;blast.ncbi.nlm.nih.gov
0483;24-2-2014T10:41:29;blast.ncbi.nlm.nih.gov
0483;24-2-2014T10:41:29;www.ncbi.nlm.nih.gov
0483;24-2-2014T10:41:30;blast.ncbi.nlm.nih.gov
0483;24-2-2014T10:41:33;blast.ncbi.nlm.nih.gov
0483;24-2-2014T10:41:36;blast.ncbi.nlm.nih.gov
0483;24-2-2014T10:41:36;www.bing.com
0483;24-2-2014T10:41:39;www.bing.com
0483;24-2-2014T10:41:41;www.bing.com
0483;24-2-2014T10:41:43;blast.ncbi.nlm.nih.gov
0483;24-2-2014T10:41:44;blast.ncbi.nlm.nih.gov
0483;24-2-2014T10:41:45;blast.ncbi.nlm.nih.gov
0483;24-2-2014T10:41:57;blast.ncbi.nlm.nih.gov
0483;24-2-2014T10:41:58;blast.ncbi.nlm.nih.gov
0483;24-2-2014T10:42:06;blast.ncbi.nlm.nih.gov
0483;24-2-2014T10:42:07;blast.ncbi.nlm.nih.gov
0483;24-2-2014T10:42:09;www.ncbi.nlm.nih.gov
0483;24-2-2014T10:42:15;blast.ncbi.nlm.nih.gov
0483;24-2-2014T10:42:21;blast.ncbi.nlm.nih.gov
0483;24-2-2014T10:42:24;blast.ncbi.nlm.nih.gov
0483;24-2-2014T10:42:26;blast.ncbi.nlm.nih.gov
0483;24-2-2014T10:42:34;blast.ncbi.nlm.nih.gov
0483;24-2-2014T10:42:35;blast.ncbi.nlm.nih.gov
0483;24-2-2014T10:42:37;blast.ncbi.nlm.nih.gov
0483;24-2-2014T10:42:39;blast.ncbi.nlm.nih.gov
0483;24-2-2014T10:42:43;blast.ncbi.nlm.nih.gov
0483;24-2-2014T10:42:45;blast.ncbi.nlm.nih.gov
0483;24-2-2014T10:42:46;blast.ncbi.nlm.nih.gov
0483;24-2-2014T10:42:48;blast.ncbi.nlm.nih.gov
0483;24-2-2014T10:42:48;www.bing.com
0483;24-2-2014T10:42:49;www.bing.com
0483;24-2-2014T10:42:50;www.bing.com
0483;24-2-2014T10:42:52;www.bing.com
0483;24-2-2014T10:42:52;blast.ncbi.nlm.nih.gov
0483;24-2-2014T10:43:04;blast.ncbi.nlm.nih.gov
0483;24-2-2014T10:43:05;blast.ncbi.nlm.nih.gov
0483;24-2-2014T10:43:10;blast.ncbi.nlm.nih.gov
0483;24-2-2014T10:43:12;blast.ncbi.nlm.nih.gov
0483;24-2-2014T10:43:14;www.ncbi.nlm.nih.gov
0483;24-2-2014T10:43:19;blast.ncbi.nlm.nih.gov
0483;24-2-2014T10:43:21;www.ncbi.nlm.nih.gov
0483;24-2-2014T10:43:22;blast.ncbi.nlm.nih.gov
0483;24-2-2014T10:43:24;www.ncbi.nlm.nih.gov
0483;24-2-2014T10:43:25;blast.ncbi.nlm.nih.gov
0483;24-2-2014T10:43:27;www.ncbi.nlm.nih.gov
0483;24-2-2014T10:43:28;blast.ncbi.nlm.nih.gov
0483;24-2-2014T10:43:30;www.ncbi.nlm.nih.gov
0483;24-2-2014T10:43:31;blast.ncbi.nlm.nih.gov
0483;24-2-2014T10:43:39;www.ncbi.nlm.nih.gov
0483;24-2-2014T10:43:40;blast.ncbi.nlm.nih.gov
0483;24-2-2014T10:43:42;www.ncbi.nlm.nih.gov
0483;24-2-2014T10:43:45;blast.ncbi.nlm.nih.gov
0483;24-2-2014T10:43:47;blast.ncbi.nlm.nih.gov
0483;24-2-2014T10:43:50;blast.ncbi.nlm.nih.gov
0483;24-2-2014T10:43:55;blast.ncbi.nlm.nih.gov
0483;24-2-2014T10:43:56;blast.ncbi.nlm.nih.gov
0483;24-2-2014T10:44:39;www.ncbi.nlm.nih.gov
0483;24-2-2014T10:44:40;www.ncbi.nlm.nih.gov
0483;24-2-2014T10:44:42;www.ncbi.nlm.nih.gov
0483;24-2-2014T10:44:44;www.ncbi.nlm.nih.gov
0483;24-2-2014T10:44:49;www.ncbi.nlm.nih.gov
0483;24-2-2014T10:45:39;www.ncbi.nlm.nih.gov
0483;24-2-2014T10:45:51;www.ncbi.nlm.nih.gov
0483;24-2-2014T10:45:55;www.ncbi.nlm.nih.gov
0483;24-2-2014T10:47:27;www.ncbi.nlm.nih.gov
0483;24-2-2014T10:47:41;www.ncbi.nlm.nih.gov
0483;24-2-2014T10:47:48;www.ncbi.nlm.nih.gov
0483;24-2-2014T10:47:49;www.ncbi.nlm.nih.gov
0483;24-2-2014T10:47:52;www.ncbi.nlm.nih.gov
0483;24-2-2014T10:48:38;www.ncbi.nlm.nih.gov
0483;24-2-2014T10:48:40;www.ncbi.nlm.nih.gov
0483;24-2-2014T10:48:43;www.ncbi.nlm.nih.gov
0483;24-2-2014T10:48:51;www.ncbi.nlm.nih.gov
0483;24-2-2014T10:48:53;www.ncbi.nlm.nih.gov
0483;24-2-2014T10:51:12;www.ncbi.nlm.nih.gov
0483;24-2-2014T10:51:12;static.pubmed.gov
0483;24-2-2014T10:51:13;www.ncbi.nlm.nih.gov
0483;24-2-2014T10:51:13;static.pubmed.gov
0483;24-2-2014T10:51:14;www.ncbi.nlm.nih.gov
0483;24-2-2014T10:51:16;www.ncbi.nlm.nih.gov
0483;24-2-2014T10:51:33;www.ncbi.nlm.nih.gov
0483;24-2-2014T10:51:35;www.ncbi.nlm.nih.gov
0483;24-2-2014T10:51:36;www.ncbi.nlm.nih.gov
0483;24-2-2014T10:51:39;www.ncbi.nlm.nih.gov
0483;24-2-2014T10:51:41;www.ncbi.nlm.nih.gov
0483;24-2-2014T10:51:45;www.ncbi.nlm.nih.gov
0483;24-2-2014T10:51:47;www.ncbi.nlm.nih.gov
0483;24-2-2014T10:52:30;www.ncbi.nlm.nih.gov
0483;24-2-2014T10:52:31;www.ncbi.nlm.nih.gov
0483;24-2-2014T10:52:32;www.ncbi.nlm.nih.gov
0483;24-2-2014T10:52:34;www.ncbi.nlm.nih.gov
0483;24-2-2014T10:54:25;www.ncbi.nlm.nih.gov
0483;24-2-2014T10:54:26;www.ncbi.nlm.nih.gov
0483;24-2-2014T10:54:27;www.ncbi.nlm.nih.gov
0483;24-2-2014T10:54:30;www.ncbi.nlm.nih.gov
0483;24-2-2014T10:54:45;www.ncbi.nlm.nih.gov
0483;24-2-2014T10:54:45;static.pubmed.gov
0483;24-2-2014T10:54:50;www.ncbi.nlm.nih.gov
0483;24-2-2014T10:54:51;www.ncbi.nlm.nih.gov
0483;24-2-2014T10:54:52;www.ncbi.nlm.nih.gov
0483;24-2-2014T10:54:55;www.ncbi.nlm.nih.gov
0483;24-2-2014T10:55:39;www.bing.com
0483;24-2-2014T10:55:40;www.bing.com
0483;24-2-2014T10:55:41;www.bing.com
0483;24-2-2014T10:55:41;www.phylogeny.fr
0483;24-2-2014T10:55:43;www.bing.com
0483;24-2-2014T10:55:45;www.bing.com
0483;24-2-2014T10:55:46;www.phylogeny.fr
0483;24-2-2014T10:56:57;www.phylogeny.fr
0483;24-2-2014T10:57:04;www.phylogeny.fr
0483;24-2-2014T10:57:10;www.phylogeny.fr
0483;24-2-2014T10:57:11;www.phylogeny.fr
0483;24-2-2014T10:57:36;www.phylogeny.fr
0483;24-2-2014T10:57:41;www.phylogeny.fr
0483;24-2-2014T10:57:42;www.phylogeny.fr
0483;24-2-2014T10:57:45;www.phylogeny.fr
0483;24-2-2014T10:57:47;www.phylogeny.fr
0483;24-2-2014T10:57:53;www.phylogeny.fr
0483;24-2-2014T10:57:54;www.phylogeny.fr
0483;24-2-2014T10:57:55;www.phylogeny.fr
0483;24-2-2014T10:58:00;www.phylogeny.fr
0483;24-2-2014T10:58:11;www.phylogeny.fr
0483;24-2-2014T10:58:12;www.phylogeny.fr
0483;24-2-2014T11:01:34;www.phylogeny.fr
0483;24-2-2014T11:01:44;www.phylogeny.fr
0483;24-2-2014T11:01:47;www.phylogeny.fr
0483;24-2-2014T11:02:05;www.phylogeny.fr
0483;24-2-2014T11:02:41;www.phylogeny.fr
0483;24-2-2014T11:03:19;www.phylogeny.fr
0483;24-2-2014T11:03:20;www.phylogeny.fr
0483;24-2-2014T11:04:07;www.phylogeny.fr
0483;24-2-2014T11:04:16;www.phylogeny.fr
0483;24-2-2014T11:04:17;www.phylogeny.fr
0483;24-2-2014T11:04:18;www.phylogeny.fr
0483;24-2-2014T11:05:12;www.phylogeny.fr
0483;24-2-2014T11:05:59;www.phylogeny.fr
0483;24-2-2014T11:06:16;www.phylogeny.fr
0483;24-2-2014T11:06:35;www.phylogeny.fr
0483;24-2-2014T11:06:46;www.phylogeny.fr
0483;24-2-2014T11:06:47;www.phylogeny.fr
0483;24-2-2014T11:06:55;www.phylogeny.fr
0483;24-2-2014T11:06:57;www.phylogeny.fr
0483;24-2-2014T11:06:58;www.phylogeny.fr
0483;24-2-2014T11:07:17;www.phylogeny.fr
0483;24-2-2014T11:07:19;www.phylogeny.fr
0483;24-2-2014T11:10:54;www.phylogeny.fr
0483;24-2-2014T11:15:55;www.phylogeny.fr
0483;24-2-2014T11:16:08;www.phylogeny.fr
0483;24-2-2014T11:16:23;www.phylogeny.fr
0483;24-2-2014T11:16:24;www.phylogeny.fr
0483;24-2-2014T11:16:39;www.phylogeny.fr
0483;24-2-2014T11:16:48;www.phylogeny.fr
0483;24-2-2014T11:16:56;www.phylogeny.fr
0483;24-2-2014T11:16:58;www.phylogeny.fr
0483;24-2-2014T11:17:11;www.phylogeny.fr
0483;24-2-2014T11:17:12;www.phylogeny.fr
0483;24-2-2014T11:18:05;www.phylogeny.fr
0483;24-2-2014T11:18:32;www.phylogeny.fr
0483;24-2-2014T11:19:11;www.phylogeny.fr
0483;24-2-2014T11:19:14;www.phylogeny.fr
0483;24-2-2014T11:19:23;www.phylogeny.fr
0483;24-2-2014T11:19:30;www.phylogeny.fr
0483;24-2-2014T11:19:39;www.phylogeny.fr
0483;24-2-2014T11:19:51;www.phylogeny.fr
0483;24-2-2014T11:19:52;www.phylogeny.fr
0483;24-2-2014T11:19:54;www.phylogeny.fr
0483;24-2-2014T11:19:57;www.phylogeny.fr
0483;24-2-2014T11:20:00;www.phylogeny.fr
0483;24-2-2014T11:20:03;www.phylogeny.fr
0483;24-2-2014T11:20:07;www.phylogeny.fr
0483;24-2-2014T11:20:09;www.phylogeny.fr
0483;24-2-2014T11:20:13;www.phylogeny.fr
0483;24-2-2014T11:20:15;www.phylogeny.fr
0483;24-2-2014T11:20:18;www.phylogeny.fr
0483;24-2-2014T11:20:21;www.phylogeny.fr
0483;24-2-2014T11:20:23;www.phylogeny.fr
0483;24-2-2014T11:20:26;www.phylogeny.fr
0483;24-2-2014T11:20:28;www.phylogeny.fr
0483;24-2-2014T11:20:31;www.phylogeny.fr
0483;24-2-2014T11:20:33;www.phylogeny.fr
0483;24-2-2014T11:20:36;www.phylogeny.fr
0483;24-2-2014T11:20:40;www.phylogeny.fr
0483;24-2-2014T11:20:44;www.phylogeny.fr
0483;24-2-2014T11:20:47;www.phylogeny.fr
0483;24-2-2014T11:20:49;www.phylogeny.fr
0483;24-2-2014T11:20:52;www.phylogeny.fr
0483;24-2-2014T11:20:55;www.phylogeny.fr
0483;24-2-2014T11:20:57;www.phylogeny.fr
0483;24-2-2014T11:21:00;www.phylogeny.fr
0483;24-2-2014T11:21:03;www.phylogeny.fr
0483;24-2-2014T11:21:06;www.phylogeny.fr
0483;24-2-2014T11:21:08;www.phylogeny.fr
0483;24-2-2014T11:21:11;www.phylogeny.fr
0483;24-2-2014T11:21:13;www.phylogeny.fr
0483;24-2-2014T11:21:16;www.phylogeny.fr
0483;24-2-2014T11:21:18;www.phylogeny.fr
0483;24-2-2014T11:21:22;www.phylogeny.fr
0483;24-2-2014T11:21:24;www.phylogeny.fr
0483;24-2-2014T11:21:27;www.phylogeny.fr
0483;24-2-2014T11:21:31;www.phylogeny.fr
0483;24-2-2014T11:21:33;www.phylogeny.fr
0483;24-2-2014T11:21:36;www.phylogeny.fr
0483;24-2-2014T11:21:39;www.phylogeny.fr
0483;24-2-2014T11:21:42;www.phylogeny.fr
0483;24-2-2014T11:21:45;www.phylogeny.fr
0483;24-2-2014T11:21:49;www.phylogeny.fr
0483;24-2-2014T11:21:52;www.phylogeny.fr
0483;24-2-2014T11:21:55;www.phylogeny.fr
0483;24-2-2014T11:22:03;www.phylogeny.fr
0483;24-2-2014T11:22:14;www.phylogeny.fr
0483;24-2-2014T11:22:28;www.phylogeny.fr
0483;24-2-2014T11:22:42;www.phylogeny.fr
0483;24-2-2014T11:23:07;www.phylogeny.fr
0483;24-2-2014T11:23:08;www.phylogeny.fr
0483;24-2-2014T11:23:23;www.phylogeny.fr
0483;24-2-2014T11:23:29;www.phylogeny.fr
0483;24-2-2014T11:23:42;www.phylogeny.fr
0483;24-2-2014T11:23:53;www.phylogeny.fr
0483;24-2-2014T11:23:54;www.phylogeny.fr
0483;24-2-2014T11:23:57;www.phylogeny.fr
0483;24-2-2014T11:24:10;www.phylogeny.fr
0483;24-2-2014T11:27:04;download.foxitsoftware.com
0483;24-2-2014T11:27:04;www.foxitsoftware.com
0483;24-2-2014T11:32:59;api.bing.com
0483;24-2-2014T11:33:00;api.bing.com
0483;24-2-2014T11:33:01;api.bing.com
0483;24-2-2014T11:33:02;api.bing.com
0483;24-2-2014T11:33:03;www.bing.com
0483;24-2-2014T11:33:05;www.bing.com
0483;24-2-2014T11:33:05;mail.google.com
0483;24-2-2014T11:33:29;blast.ncbi.nlm.nih.gov
0483;24-2-2014T11:34:14;mail.google.com
0483;24-2-2014T11:34:15;www.bing.com
0483;24-2-2014T11:34:40;mail.google.com
0483;24-2-2014T11:38:36;api.bing.com
0483;24-2-2014T11:38:37;api.bing.com
0483;24-2-2014T11:38:38;www.bing.com
0483;24-2-2014T11:38:38;api.bing.com
0483;24-2-2014T11:38:39;www.bing.com
0483;24-2-2014T11:38:39;mail.google.com
0483;24-2-2014T11:38:48;www.bing.com
0483;24-2-2014T11:38:50;api.bing.com
0483;24-2-2014T11:38:51;api.bing.com
0483;24-2-2014T11:38:52;www.bing.com
0483;24-2-2014T11:38:53;www.bing.com
0483;24-2-2014T11:38:54;www.bing.com
0483;24-2-2014T11:39:45;www.bing.com
0483;24-2-2014T10:00:42;login.live.com
0483;24-2-2014T10:12:23;login.live.com
0483;24-2-2014T10:21:08;login.live.com
0483;24-2-2014T10:37:01;login.live.com
0483;24-2-2014T10:41:41;login.live.com
0483;24-2-2014T10:42:52;login.live.com
0483;24-2-2014T10:56:10;login.live.com
0483;24-2-2014T11:33:05;login.live.com
0483;24-2-2014T11:33:19;accounts.google.com
0483;24-2-2014T11:34:17;accounts.google.com
0483;24-2-2014T11:38:52;login.live.com
0483;24-2-2014T11:38:54;accounts.google.com
0483;24-2-2014T11:38:55;login.live.com
0483;24-2-2014T11:39:08;ssl.bing.com
0483;24-2-2014T11:39:08;accounts.google.com
0483;24-2-2014T11:39:22;mail.google.com
0483;24-2-2014T11:39:46;mail.google.com
0483;03-3-2014T09:59:19;login.live.com
0483;03-3-2014T09:59:57;login.live.com
0483;03-3-2014T10:12:02;login.live.com
0483;03-3-2014T10:12:04;accounts.google.com
0483;03-3-2014T10:12:16;ssl.bing.com
0483;03-3-2014T10:12:16;accounts.google.com
0483;03-3-2014T10:12:56;mail.google.com
0483;03-3-2014T10:12:56;www.google.com
0483;03-3-2014T10:12:59;www.google.com
0483;03-3-2014T10:12:59;mail.google.com
0483;03-3-2014T10:13:00;mail.google.com
0483;03-3-2014T10:13:00;www.google.com
0483;03-3-2014T10:13:02;apis.google.com
0483;03-3-2014T10:13:08;mail.google.com
0483;03-3-2014T10:13:11;www.google.com
0483;03-3-2014T10:13:12;www.google.com
0483;03-3-2014T10:13:12;accounts.google.com
0483;03-3-2014T10:13:12;apis.google.com
0483;03-3-2014T10:13:14;apis.google.com
0483;03-3-2014T10:13:15;mail.google.com
0483;03-3-2014T10:13:15;accounts.google.com
0483;03-3-2014T10:13:16;accounts.youtube.com
0483;03-3-2014T10:15:21;mail.google.com
0483;03-3-2014T10:15:21;accounts.youtube.com
0483;03-3-2014T10:15:26;accounts.google.com
0483;03-3-2014T10:15:28;mail.google.com
0483;03-3-2014T10:15:30;accounts.google.fr
0483;03-3-2014T10:15:31;accounts.google.com
0483;03-3-2014T10:15:33;accounts.youtube.com
0483;03-3-2014T10:15:33;accounts.google.fr
0483;03-3-2014T10:15:34;mail.google.com
0483;03-3-2014T10:15:35;mail.google.com
0483;03-3-2014T10:15:39;mail.google.com
0483;03-3-2014T10:15:40;mail.google.com
0483;03-3-2014T10:15:40;www.google.com
0483;03-3-2014T10:15:41;clients2.google.com
0483;03-3-2014T10:15:41;mail.google.com
0483;03-3-2014T10:15:41;apis.google.com
0483;03-3-2014T10:15:42;mail.google.com
0483;03-3-2014T10:15:42;plus.google.com
0483;03-3-2014T10:15:42;clients2.google.com
0483;03-3-2014T10:15:43;mail.google.com
0483;03-3-2014T10:15:43;apis.google.com
0483;03-3-2014T10:15:43;plus.google.com
0483;03-3-2014T10:15:49;mail.google.com
0483;03-3-2014T10:15:52;chatenabled.mail.google.com
0483;03-3-2014T10:15:52;plus.google.com
0483;03-3-2014T10:15:52;b.mail.google.com
0483;03-3-2014T10:19:52;chatenabled.mail.google.com
0483;03-3-2014T10:20:39;login.live.com
0483;03-3-2014T10:23:17;mail.google.com
0483;03-3-2014T10:25:56;mail.google.com
0483;03-3-2014T10:25:57;plus.google.com
0483;03-3-2014T10:25:59;plus.google.com
0483;03-3-2014T10:26:01;plus.google.com
0483;03-3-2014T10:27:40;b.mail.google.com
0483;03-3-2014T10:32:40;mail.google.com
0483;03-3-2014T10:35:35;mail.google.com
0483;03-3-2014T10:37:41;mail.google.com
0483;03-3-2014T10:39:53;b.mail.google.com
0483;03-3-2014T10:40:34;mail.google.com
0483;03-3-2014T10:42:43;mail.google.com
0483;03-3-2014T10:45:34;mail.google.com
0483;03-3-2014T10:46:01;mail.google.com
0483;03-3-2014T10:46:36;mail.google.com
0483;03-3-2014T10:47:43;plus.google.com
0483;03-3-2014T10:50:32;b.mail.google.com
0483;03-3-2014T10:50:34;mail.google.com
0483;03-3-2014T10:52:44;mail.google.com
0483;03-3-2014T10:55:34;mail.google.com
0483;03-3-2014T10:57:44;mail.google.com
0483;03-3-2014T11:00:14;b.mail.google.com
0483;03-3-2014T11:00:34;mail.google.com
0483;03-3-2014T11:02:45;mail.google.com
0483;03-3-2014T11:04:48;mail.google.com
0483;03-3-2014T11:06:22;mail.google.com
0483;03-3-2014T11:07:45;plus.google.com
0483;03-3-2014T11:10:22;b.mail.google.com
0483;03-3-2014T11:10:34;mail.google.com
0483;03-3-2014T11:12:46;mail.google.com
0483;03-3-2014T11:15:34;mail.google.com
0483;03-3-2014T11:17:46;mail.google.com
0483;03-3-2014T11:20:22;b.mail.google.com
0483;03-3-2014T11:20:34;mail.google.com
0483;03-3-2014T11:24:34;mail.google.com
0483;03-3-2014T11:26:32;mail.google.com
0483;03-3-2014T11:26:48;plus.google.com
0483;03-3-2014T11:27:03;b.mail.google.com
0483;03-3-2014T11:29:20;b.mail.google.com
0483;03-3-2014T11:29:22;mail.google.com
0483;03-3-2014T11:29:30;login.live.com
0483;17-3-2014T09:56:08;api.bing.com
0483;17-3-2014T09:56:10;api.bing.com
0483;17-3-2014T09:56:10;www.bing.com
0483;17-3-2014T09:56:11;www.bing.com
0483;17-3-2014T09:56:12;www.bing.com
0483;17-3-2014T09:56:12;cms.abmr.net
0483;17-3-2014T09:56:14;www.bing.com
0483;17-3-2014T09:56:15;annotathon.org
0483;17-3-2014T09:56:16;annotathon.org
0483;17-3-2014T09:56:51;annotathon.org
0483;17-3-2014T09:57:13;api.bing.com
0483;17-3-2014T09:57:14;api.bing.com
0483;17-3-2014T09:57:21;annotathon.org
0483;17-3-2014T09:57:51;annotathon.org
0483;17-3-2014T09:58:21;annotathon.org
0483;17-3-2014T09:58:36;annotathon.org
0483;17-3-2014T09:58:37;annotathon.org
0483;17-3-2014T09:58:38;annotathon.org
0483;17-3-2014T09:58:44;annotathon.org
0483;17-3-2014T09:58:45;annotathon.org
0483;17-3-2014T09:58:45;annotathon.univ-mrs.fr
0483;17-3-2014T09:59:05;api.bing.com
0483;17-3-2014T09:59:06;api.bing.com
0483;17-3-2014T09:59:15;annotathon.org
0483;17-3-2014T09:59:31;annotathon.org
0483;17-3-2014T09:59:32;annotathon.org
0483;17-3-2014T09:59:45;annotathon.org
0483;17-3-2014T10:00:02;annotathon.org
0483;17-3-2014T10:00:15;annotathon.org
0483;17-3-2014T10:00:32;annotathon.org
0483;17-3-2014T10:00:45;annotathon.org
0483;17-3-2014T10:01:02;annotathon.org
0483;17-3-2014T10:01:15;annotathon.org
0483;17-3-2014T10:01:32;annotathon.org
0483;17-3-2014T10:01:38;annotathon.org
0483;17-3-2014T10:01:42;api.bing.com
0483;17-3-2014T10:01:45;annotathon.org
0483;17-3-2014T10:01:46;www.bing.com
0483;17-3-2014T10:01:48;www.bing.com
0483;17-3-2014T10:01:48;www.ncbi.nlm.nih.gov
0483;17-3-2014T10:02:15;annotathon.org
0483;17-3-2014T10:02:45;annotathon.org
0483;17-3-2014T10:02:49;www.ncbi.nlm.nih.gov
0483;17-3-2014T10:02:49;blast.ncbi.nlm.nih.gov
0483;17-3-2014T10:02:50;www.ncbi.nlm.nih.gov
0483;17-3-2014T10:02:51;blast.ncbi.nlm.nih.gov
0483;17-3-2014T10:02:52;blast.ncbi.nlm.nih.gov
0483;17-3-2014T10:02:53;blast.ncbi.nlm.nih.gov
0483;17-3-2014T10:02:54;blast.ncbi.nlm.nih.gov
0483;17-3-2014T10:03:15;annotathon.org
0483;17-3-2014T10:03:45;annotathon.org
0483;17-3-2014T10:04:15;annotathon.org
0483;17-3-2014T10:04:45;annotathon.org
0483;17-3-2014T10:05:15;annotathon.org
0483;17-3-2014T10:05:45;annotathon.org
0483;17-3-2014T10:06:15;annotathon.org
0483;17-3-2014T10:06:45;annotathon.org
0483;17-3-2014T10:07:15;annotathon.org
0483;17-3-2014T10:07:45;annotathon.org
0483;17-3-2014T10:08:15;annotathon.org
0483;17-3-2014T10:08:31;blast.ncbi.nlm.nih.gov
0483;17-3-2014T10:08:32;blast.ncbi.nlm.nih.gov
0483;17-3-2014T10:08:33;blast.ncbi.nlm.nih.gov
0483;17-3-2014T10:08:34;blast.ncbi.nlm.nih.gov
0483;17-3-2014T10:08:35;blast.ncbi.nlm.nih.gov
0483;17-3-2014T10:08:36;blast.ncbi.nlm.nih.gov
0483;17-3-2014T10:08:45;annotathon.org
0483;17-3-2014T10:08:55;blast.ncbi.nlm.nih.gov
0483;17-3-2014T10:08:56;blast.ncbi.nlm.nih.gov
0483;17-3-2014T10:08:57;blast.ncbi.nlm.nih.gov
0483;17-3-2014T10:08:58;blast.ncbi.nlm.nih.gov
0483;17-3-2014T10:08:59;blast.ncbi.nlm.nih.gov
0483;17-3-2014T10:09:00;blast.ncbi.nlm.nih.gov
0483;17-3-2014T10:09:22;blast.ncbi.nlm.nih.gov
0483;17-3-2014T10:09:23;blast.ncbi.nlm.nih.gov
0483;17-3-2014T10:09:24;blast.ncbi.nlm.nih.gov
0483;17-3-2014T10:09:25;blast.ncbi.nlm.nih.gov
0483;17-3-2014T10:09:29;annotathon.org
0483;17-3-2014T10:09:47;blast.ncbi.nlm.nih.gov
0483;17-3-2014T10:09:53;blast.ncbi.nlm.nih.gov
0483;17-3-2014T10:09:55;blast.ncbi.nlm.nih.gov
0483;17-3-2014T10:09:57;www.ncbi.nlm.nih.gov
0483;17-3-2014T10:09:58;blast.ncbi.nlm.nih.gov
0483;17-3-2014T10:09:59;annotathon.org
0483;17-3-2014T10:10:00;blast.ncbi.nlm.nih.gov
0483;17-3-2014T10:10:03;blast.ncbi.nlm.nih.gov
0483;17-3-2014T10:10:06;blast.ncbi.nlm.nih.gov
0483;17-3-2014T10:10:08;blast.ncbi.nlm.nih.gov
0483;17-3-2014T10:10:11;blast.ncbi.nlm.nih.gov
0483;17-3-2014T10:10:15;blast.ncbi.nlm.nih.gov
0483;17-3-2014T10:10:18;blast.ncbi.nlm.nih.gov
0483;17-3-2014T10:10:19;blast.ncbi.nlm.nih.gov
0483;17-3-2014T10:10:20;blast.ncbi.nlm.nih.gov
0483;17-3-2014T10:10:21;blast.ncbi.nlm.nih.gov
0483;17-3-2014T10:10:23;blast.ncbi.nlm.nih.gov
0483;17-3-2014T10:10:29;annotathon.org
0483;17-3-2014T10:10:38;blast.ncbi.nlm.nih.gov
0483;17-3-2014T10:10:41;blast.ncbi.nlm.nih.gov
0483;17-3-2014T10:10:42;blast.ncbi.nlm.nih.gov
0483;17-3-2014T10:10:44;blast.ncbi.nlm.nih.gov
0483;17-3-2014T10:10:45;blast.ncbi.nlm.nih.gov
0483;17-3-2014T10:10:46;blast.ncbi.nlm.nih.gov
0483;17-3-2014T10:10:57;blast.ncbi.nlm.nih.gov
0483;17-3-2014T10:10:59;annotathon.org
0483;17-3-2014T10:11:02;blast.ncbi.nlm.nih.gov
0483;17-3-2014T10:11:04;blast.ncbi.nlm.nih.gov
0483;17-3-2014T10:11:05;blast.ncbi.nlm.nih.gov
0483;17-3-2014T10:11:06;www.ncbi.nlm.nih.gov
0483;17-3-2014T10:11:07;blast.ncbi.nlm.nih.gov
0483;17-3-2014T10:11:08;blast.ncbi.nlm.nih.gov
0483;17-3-2014T10:11:29;annotathon.org
0483;17-3-2014T10:11:54;blast.ncbi.nlm.nih.gov
0483;17-3-2014T10:11:55;www.bing.com
0483;17-3-2014T10:11:56;www.bing.com
0483;17-3-2014T10:11:56;www.ncbi.nlm.nih.gov
0483;17-3-2014T10:11:59;annotathon.org
0483;17-3-2014T10:12:02;www.ncbi.nlm.nih.gov
0483;17-3-2014T10:12:29;annotathon.org
0483;17-3-2014T10:12:36;www.ncbi.nlm.nih.gov
0483;17-3-2014T10:12:45;www.ncbi.nlm.nih.gov
0483;17-3-2014T10:12:59;annotathon.org
0483;17-3-2014T10:13:29;annotathon.org
0483;17-3-2014T10:13:59;annotathon.org
0483;17-3-2014T10:14:29;annotathon.org
0483;17-3-2014T10:14:59;annotathon.org
0483;17-3-2014T10:15:29;annotathon.org
0483;17-3-2014T10:15:56;www.ncbi.nlm.nih.gov
0483;17-3-2014T10:15:57;www.ncbi.nlm.nih.gov
0483;17-3-2014T10:15:59;annotathon.org
0483;17-3-2014T10:16:29;annotathon.org
0483;17-3-2014T10:16:59;annotathon.org
0483;17-3-2014T10:17:18;www.ncbi.nlm.nih.gov
0483;17-3-2014T10:17:19;www.ncbi.nlm.nih.gov
0483;17-3-2014T10:17:29;annotathon.org
0483;17-3-2014T10:17:48;annotathon.org
0483;17-3-2014T10:17:49;annotathon.org
0483;17-3-2014T10:17:53;annotathon.org
0483;17-3-2014T10:17:54;annotathon.org
0483;17-3-2014T10:17:55;annotathon.org
0483;17-3-2014T10:17:56;annotathon.org
0483;17-3-2014T10:17:57;annotathon.org
0483;17-3-2014T10:18:02;annotathon.org
0483;17-3-2014T10:18:05;annotathon.org
0483;17-3-2014T10:18:05;annotathon.univ-mrs.fr
0483;17-3-2014T10:18:06;annotathon.org
0483;17-3-2014T10:18:36;annotathon.org
0483;17-3-2014T10:19:06;annotathon.org
0483;17-3-2014T10:19:36;annotathon.org
0483;17-3-2014T10:20:06;annotathon.org
0483;17-3-2014T10:20:14;annotathon.org
0483;17-3-2014T10:20:14;annotathon.univ-mrs.fr
0483;17-3-2014T10:20:44;annotathon.org
0483;17-3-2014T10:21:00;annotathon.org
0483;17-3-2014T10:21:00;annotathon.univ-mrs.fr
0483;17-3-2014T10:21:01;annotathon.org
0483;17-3-2014T10:21:28;api.bing.com
0483;17-3-2014T10:21:29;api.bing.com
0483;17-3-2014T10:21:30;api.bing.com
0483;17-3-2014T10:21:31;annotathon.org
0483;17-3-2014T10:21:31;api.bing.com
0483;17-3-2014T10:21:32;www.bing.com
0483;17-3-2014T10:21:33;www.bing.com
0483;17-3-2014T10:21:34;annotathon.org
0483;17-3-2014T10:21:35;annotathon.org
0483;17-3-2014T10:21:36;annotathon.org
0483;17-3-2014T10:22:01;annotathon.org
0483;17-3-2014T10:22:06;annotathon.org
0483;17-3-2014T10:22:31;annotathon.org
0483;17-3-2014T10:22:31;annotathon.univ-mrs.fr
0483;17-3-2014T10:22:36;annotathon.org
0483;17-3-2014T10:23:01;annotathon.org
0483;17-3-2014T10:23:06;annotathon.org
0483;17-3-2014T10:23:31;annotathon.org
0483;17-3-2014T10:23:36;annotathon.org
0483;17-3-2014T10:24:01;annotathon.org
0483;17-3-2014T10:24:02;www.ncbi.nlm.nih.gov
0483;17-3-2014T10:24:03;www.ncbi.nlm.nih.gov
0483;17-3-2014T10:24:04;www.ncbi.nlm.nih.gov
0483;17-3-2014T10:24:05;www.ncbi.nlm.nih.gov
0483;17-3-2014T10:24:05;blast.ncbi.nlm.nih.gov
0483;17-3-2014T10:24:06;www.ncbi.nlm.nih.gov
0483;17-3-2014T10:24:06;annotathon.org
0483;17-3-2014T10:24:08;www.ncbi.nlm.nih.gov
0483;17-3-2014T10:24:12;www.ncbi.nlm.nih.gov
0483;17-3-2014T10:24:31;annotathon.org
0483;17-3-2014T10:24:36;annotathon.org
0483;17-3-2014T10:25:01;annotathon.org
0483;17-3-2014T10:25:06;annotathon.org
0483;17-3-2014T10:25:31;annotathon.org
0483;17-3-2014T10:25:36;annotathon.org
0483;17-3-2014T10:26:01;annotathon.org
0483;17-3-2014T10:26:06;annotathon.org
0483;17-3-2014T10:26:31;annotathon.org
0483;17-3-2014T10:26:36;annotathon.org
0483;17-3-2014T10:26:44;annotathon.org
0483;17-3-2014T10:26:44;annotathon.univ-mrs.fr
0483;17-3-2014T10:26:45;annotathon.org
0483;17-3-2014T10:27:06;annotathon.org
0483;17-3-2014T10:27:15;annotathon.org
0483;17-3-2014T10:27:36;annotathon.org
0483;17-3-2014T10:27:45;annotathon.org
0483;17-3-2014T10:28:06;annotathon.org
0483;17-3-2014T10:28:15;annotathon.org
0483;17-3-2014T10:28:36;annotathon.org
0483;17-3-2014T10:28:45;annotathon.org
0483;17-3-2014T10:29:06;annotathon.org
0483;17-3-2014T10:29:13;annotathon.org
0483;17-3-2014T10:29:13;annotathon.univ-mrs.fr
0483;17-3-2014T10:29:36;annotathon.org
0483;17-3-2014T10:29:43;annotathon.org
0483;17-3-2014T10:30:06;annotathon.org
0483;17-3-2014T10:30:13;annotathon.org
0483;17-3-2014T10:30:35;www.ncbi.nlm.nih.gov
0483;17-3-2014T10:30:35;blast.ncbi.nlm.nih.gov
0483;17-3-2014T10:30:36;annotathon.org
0483;17-3-2014T10:30:38;www.ncbi.nlm.nih.gov
0483;17-3-2014T10:30:39;www.ncbi.nlm.nih.gov
0483;17-3-2014T10:30:40;www.ncbi.nlm.nih.gov
0483;17-3-2014T10:30:41;www.ncbi.nlm.nih.gov
0483;17-3-2014T10:30:42;blast.ncbi.nlm.nih.gov
0483;17-3-2014T10:30:43;annotathon.org
0483;17-3-2014T10:30:44;www.ncbi.nlm.nih.gov
0483;17-3-2014T10:30:46;www.ncbi.nlm.nih.gov
0483;17-3-2014T10:30:49;www.ncbi.nlm.nih.gov
0483;17-3-2014T10:30:57;www.ncbi.nlm.nih.gov
0483;17-3-2014T10:31:06;annotathon.org
0483;17-3-2014T10:31:09;www.ncbi.nlm.nih.gov
0483;17-3-2014T10:31:13;annotathon.org
0483;17-3-2014T10:31:27;www.ncbi.nlm.nih.gov
0483;17-3-2014T10:31:36;annotathon.org
0483;17-3-2014T10:31:43;annotathon.org
0483;17-3-2014T10:31:50;www.ncbi.nlm.nih.gov
0483;17-3-2014T10:32:06;annotathon.org
0483;17-3-2014T10:32:13;annotathon.org
0483;17-3-2014T10:32:17;www.ncbi.nlm.nih.gov
0483;17-3-2014T10:32:36;annotathon.org
0483;17-3-2014T10:32:43;annotathon.org
0483;17-3-2014T10:32:48;www.ncbi.nlm.nih.gov
0483;17-3-2014T10:33:06;annotathon.org
0483;17-3-2014T10:33:13;annotathon.org
0483;17-3-2014T10:33:19;www.ncbi.nlm.nih.gov
0483;17-3-2014T10:33:36;annotathon.org
0483;17-3-2014T10:33:42;annotathon.org
0483;17-3-2014T10:33:42;annotathon.univ-mrs.fr
0483;17-3-2014T10:33:49;www.ncbi.nlm.nih.gov
0483;17-3-2014T10:34:06;annotathon.org
0483;17-3-2014T10:34:07;api.bing.com
0483;17-3-2014T10:34:08;api.bing.com
0483;17-3-2014T10:34:09;api.bing.com
0483;17-3-2014T10:34:10;www.bing.com
0483;17-3-2014T10:34:11;www.bing.com
0483;17-3-2014T10:34:12;annotathon.org
0483;17-3-2014T10:34:13;www.bing.com
0483;17-3-2014T10:34:14;www.ncbi.nlm.nih.gov
0483;17-3-2014T10:34:15;www.ncbi.nlm.nih.gov
0483;17-3-2014T10:34:15;static.pubmed.gov
0483;17-3-2014T10:34:16;www.ncbi.nlm.nih.gov
0483;17-3-2014T10:34:16;static.pubmed.gov
0483;17-3-2014T10:34:17;www.ncbi.nlm.nih.gov
0483;17-3-2014T10:34:17;static.pubmed.gov
0483;17-3-2014T10:34:18;www.bing.com
0483;17-3-2014T10:34:18;www.ncbi.nlm.nih.gov
0483;17-3-2014T10:34:20;www.bing.com
0483;17-3-2014T10:34:20;www.ncbi.nlm.nih.gov
0483;17-3-2014T10:34:21;www.ncbi.nlm.nih.gov
0483;17-3-2014T10:34:22;www.bing.com
0483;17-3-2014T10:34:23;www.bing.com
0483;17-3-2014T10:34:24;www.bing.com
0483;17-3-2014T10:34:25;www.ncbi.nlm.nih.gov
0483;17-3-2014T10:34:25;static.pubmed.gov
0483;17-3-2014T10:34:26;www.ncbi.nlm.nih.gov
0483;17-3-2014T10:34:27;www.ncbi.nlm.nih.gov
0483;17-3-2014T10:34:28;www.bing.com
0483;17-3-2014T10:34:28;www.ncbi.nlm.nih.gov
0483;17-3-2014T10:34:30;www.bing.com
0483;17-3-2014T10:34:33;www.bing.com
0483;17-3-2014T10:34:36;annotathon.org
0483;17-3-2014T10:34:38;www.bing.com
0483;17-3-2014T10:34:42;annotathon.org
0483;17-3-2014T10:34:45;www.bing.com
0483;17-3-2014T10:34:51;www.ncbi.nlm.nih.gov
0483;17-3-2014T10:35:06;annotathon.org
0483;17-3-2014T10:35:12;annotathon.org
0483;17-3-2014T10:35:22;www.ncbi.nlm.nih.gov
0483;17-3-2014T10:35:36;annotathon.org
0483;17-3-2014T10:35:42;annotathon.org
0483;17-3-2014T10:35:52;www.ncbi.nlm.nih.gov
0483;17-3-2014T10:36:06;annotathon.org
0483;17-3-2014T10:36:12;annotathon.org
0483;17-3-2014T10:36:23;www.ncbi.nlm.nih.gov
0483;17-3-2014T10:36:36;annotathon.org
0483;17-3-2014T10:36:42;annotathon.org
0483;17-3-2014T10:36:47;www.ncbi.nlm.nih.gov
0483;17-3-2014T10:36:48;www.ncbi.nlm.nih.gov
0483;17-3-2014T10:36:53;www.ncbi.nlm.nih.gov
0483;17-3-2014T10:37:06;annotathon.org
0483;17-3-2014T10:37:12;annotathon.org
0483;17-3-2014T10:37:26;www.ncbi.nlm.nih.gov
0483;17-3-2014T10:37:26;blast.ncbi.nlm.nih.gov
0483;17-3-2014T10:37:27;www.ncbi.nlm.nih.gov
0483;17-3-2014T10:37:36;annotathon.org
0483;17-3-2014T10:37:42;annotathon.org
0483;17-3-2014T10:37:52;www.ncbi.nlm.nih.gov
0483;17-3-2014T10:37:53;www.ncbi.nlm.nih.gov
0483;17-3-2014T10:37:54;www.ncbi.nlm.nih.gov
0483;17-3-2014T10:37:55;www.ncbi.nlm.nih.gov
0483;17-3-2014T10:37:56;www.ncbi.nlm.nih.gov
0483;17-3-2014T10:37:57;www.ncbi.nlm.nih.gov
0483;17-3-2014T10:37:58;www.ncbi.nlm.nih.gov
0483;17-3-2014T10:37:59;www.ncbi.nlm.nih.gov
0483;17-3-2014T10:38:00;www.ncbi.nlm.nih.gov
0483;17-3-2014T10:38:00;blast.ncbi.nlm.nih.gov
0483;17-3-2014T10:38:01;www.ncbi.nlm.nih.gov
0483;17-3-2014T10:38:03;www.ncbi.nlm.nih.gov
0483;17-3-2014T10:38:04;www.ncbi.nlm.nih.gov
0483;17-3-2014T10:38:06;annotathon.org
0483;17-3-2014T10:38:12;annotathon.org
0483;17-3-2014T10:38:36;annotathon.org
0483;17-3-2014T10:38:42;annotathon.org
0483;17-3-2014T10:39:06;annotathon.org
0483;17-3-2014T10:39:10;www.ncbi.nlm.nih.gov
0483;17-3-2014T10:39:11;www.ncbi.nlm.nih.gov
0483;17-3-2014T10:39:12;annotathon.org
0483;17-3-2014T10:39:36;annotathon.org
0483;17-3-2014T10:39:37;www.ncbi.nlm.nih.gov
0483;17-3-2014T10:39:38;www.ncbi.nlm.nih.gov
0483;17-3-2014T10:39:39;www.ncbi.nlm.nih.gov
0483;17-3-2014T10:39:40;www.ncbi.nlm.nih.gov
0483;17-3-2014T10:39:41;www.ncbi.nlm.nih.gov
0483;17-3-2014T10:39:42;annotathon.org
0483;17-3-2014T10:40:06;annotathon.org
0483;17-3-2014T10:40:12;annotathon.org
0483;17-3-2014T10:40:36;annotathon.org
0483;17-3-2014T10:40:42;annotathon.org
0483;17-3-2014T10:41:06;annotathon.org
0483;17-3-2014T10:41:10;www.ncbi.nlm.nih.gov
0483;17-3-2014T10:41:11;www.ncbi.nlm.nih.gov
0483;17-3-2014T10:41:12;www.ncbi.nlm.nih.gov
0483;17-3-2014T10:41:12;annotathon.org
0483;17-3-2014T10:41:15;www.ncbi.nlm.nih.gov
0483;17-3-2014T10:41:16;www.ncbi.nlm.nih.gov
0483;17-3-2014T10:41:17;www.ncbi.nlm.nih.gov
0483;17-3-2014T10:41:18;www.ncbi.nlm.nih.gov
0483;17-3-2014T10:41:19;www.ncbi.nlm.nih.gov
0483;17-3-2014T10:41:20;www.ncbi.nlm.nih.gov
0483;17-3-2014T10:41:21;www.ncbi.nlm.nih.gov
0483;17-3-2014T10:41:25;www.ncbi.nlm.nih.gov
0483;17-3-2014T10:41:26;www.ncbi.nlm.nih.gov
0483;17-3-2014T10:41:27;www.ncbi.nlm.nih.gov
0483;17-3-2014T10:41:28;www.ncbi.nlm.nih.gov
0483;17-3-2014T10:41:29;www.ncbi.nlm.nih.gov
0483;17-3-2014T10:41:30;www.ncbi.nlm.nih.gov
0483;17-3-2014T10:41:31;www.ncbi.nlm.nih.gov
0483;17-3-2014T10:41:32;www.ncbi.nlm.nih.gov
0483;17-3-2014T10:41:35;www.ncbi.nlm.nih.gov
0483;17-3-2014T10:41:36;www.ncbi.nlm.nih.gov
0483;17-3-2014T10:41:36;annotathon.org
0483;17-3-2014T10:41:37;www.ncbi.nlm.nih.gov
0483;17-3-2014T10:41:38;www.ncbi.nlm.nih.gov
0483;17-3-2014T10:41:42;annotathon.org
0483;17-3-2014T10:41:44;www.ncbi.nlm.nih.gov
0483;17-3-2014T10:41:45;www.ncbi.nlm.nih.gov
0483;17-3-2014T10:42:06;annotathon.org
0483;17-3-2014T10:42:12;annotathon.org
0483;17-3-2014T10:42:36;annotathon.org
0483;17-3-2014T10:42:42;annotathon.org
0483;17-3-2014T10:43:06;annotathon.org
0483;17-3-2014T10:43:12;annotathon.org
0483;17-3-2014T10:43:36;annotathon.org
0483;17-3-2014T10:43:42;annotathon.org
0483;17-3-2014T10:44:02;www.ncbi.nlm.nih.gov
0483;17-3-2014T10:44:06;annotathon.org
0483;17-3-2014T10:44:12;annotathon.org
0483;17-3-2014T10:44:36;annotathon.org
0483;17-3-2014T10:44:42;annotathon.org
0483;17-3-2014T10:45:06;annotathon.org
0483;17-3-2014T10:45:12;annotathon.org
0483;17-3-2014T10:45:36;annotathon.org
0483;17-3-2014T10:45:42;annotathon.org
0483;17-3-2014T10:45:47;www.ncbi.nlm.nih.gov
0483;17-3-2014T10:46:07;annotathon.org
0483;17-3-2014T10:46:12;annotathon.org
0483;17-3-2014T10:46:37;annotathon.org
0483;17-3-2014T10:46:42;annotathon.org
0483;17-3-2014T10:47:07;annotathon.org
0483;17-3-2014T10:47:12;annotathon.org
0483;17-3-2014T10:47:37;annotathon.org
0483;17-3-2014T10:47:42;annotathon.org
0483;17-3-2014T10:47:55;www.ncbi.nlm.nih.gov
0483;17-3-2014T10:48:07;annotathon.org
0483;17-3-2014T10:48:12;annotathon.org
0483;17-3-2014T10:48:37;annotathon.org
0483;17-3-2014T10:48:42;annotathon.org
0483;17-3-2014T10:49:07;annotathon.org
0483;17-3-2014T10:49:12;annotathon.org
0483;17-3-2014T10:49:37;annotathon.org
0483;17-3-2014T10:49:42;annotathon.org
0483;17-3-2014T10:49:45;www.ncbi.nlm.nih.gov
0483;17-3-2014T10:49:47;www.ncbi.nlm.nih.gov
0483;17-3-2014T10:49:48;www.ncbi.nlm.nih.gov
0483;17-3-2014T10:49:48;blast.ncbi.nlm.nih.gov
0483;17-3-2014T10:49:51;annotathon.org
0483;17-3-2014T10:49:51;annotathon.univ-mrs.fr
0483;17-3-2014T10:50:07;annotathon.org
0483;17-3-2014T10:50:21;annotathon.org
0483;17-3-2014T10:50:37;annotathon.org
0483;17-3-2014T10:50:38;www.ncbi.nlm.nih.gov
0483;17-3-2014T10:50:39;www.ncbi.nlm.nih.gov
0483;17-3-2014T10:50:39;blast.ncbi.nlm.nih.gov
0483;17-3-2014T10:50:40;www.ncbi.nlm.nih.gov
0483;17-3-2014T10:50:41;www.ncbi.nlm.nih.gov
0483;17-3-2014T10:50:42;www.ncbi.nlm.nih.gov
0483;17-3-2014T10:50:46;www.ncbi.nlm.nih.gov
0483;17-3-2014T10:50:51;annotathon.org
0483;17-3-2014T10:51:07;annotathon.org
0483;17-3-2014T10:51:09;www.ncbi.nlm.nih.gov
0483;17-3-2014T10:51:10;www.ncbi.nlm.nih.gov
0483;17-3-2014T10:51:10;blast.ncbi.nlm.nih.gov
0483;17-3-2014T10:51:11;www.ncbi.nlm.nih.gov
0483;17-3-2014T10:51:12;www.ncbi.nlm.nih.gov
0483;17-3-2014T10:51:21;annotathon.org
0483;17-3-2014T10:51:21;www.ncbi.nlm.nih.gov
0483;17-3-2014T10:51:22;www.ncbi.nlm.nih.gov
0483;17-3-2014T10:51:22;blast.ncbi.nlm.nih.gov
0483;17-3-2014T10:51:23;www.ncbi.nlm.nih.gov
0483;17-3-2014T10:51:24;www.ncbi.nlm.nih.gov
0483;17-3-2014T10:51:28;www.ncbi.nlm.nih.gov
0483;17-3-2014T10:51:29;www.ncbi.nlm.nih.gov
0483;17-3-2014T10:51:29;blast.ncbi.nlm.nih.gov
0483;17-3-2014T10:51:30;www.ncbi.nlm.nih.gov
0483;17-3-2014T10:51:37;annotathon.org
0483;17-3-2014T10:51:51;annotathon.org
0483;17-3-2014T10:51:53;www.ncbi.nlm.nih.gov
0483;17-3-2014T10:51:54;www.ncbi.nlm.nih.gov
0483;17-3-2014T10:51:58;www.ncbi.nlm.nih.gov
0483;17-3-2014T10:51:59;www.ncbi.nlm.nih.gov
0483;17-3-2014T10:52:01;www.ncbi.nlm.nih.gov
0483;17-3-2014T10:52:02;www.ncbi.nlm.nih.gov
0483;17-3-2014T10:52:05;www.ncbi.nlm.nih.gov
0483;17-3-2014T10:52:07;annotathon.org
0483;17-3-2014T10:52:07;www.ncbi.nlm.nih.gov
0483;17-3-2014T10:52:08;www.ncbi.nlm.nih.gov
0483;17-3-2014T10:52:08;blast.ncbi.nlm.nih.gov
0483;17-3-2014T10:52:09;www.ncbi.nlm.nih.gov
0483;17-3-2014T10:52:10;www.ncbi.nlm.nih.gov
0483;17-3-2014T10:52:11;www.ncbi.nlm.nih.gov
0483;17-3-2014T10:52:21;annotathon.org
0483;17-3-2014T10:52:37;annotathon.org
0483;17-3-2014T10:52:51;annotathon.org
0483;17-3-2014T10:52:55;annotathon.org
0483;17-3-2014T10:52:55;annotathon.univ-mrs.fr
0483;17-3-2014T10:53:01;www.ncbi.nlm.nih.gov
0483;17-3-2014T10:53:07;annotathon.org
0483;17-3-2014T10:53:25;annotathon.org
0483;17-3-2014T10:53:37;annotathon.org
0483;17-3-2014T10:53:55;annotathon.org
0483;17-3-2014T10:54:07;annotathon.org
0483;17-3-2014T10:54:21;www.ncbi.nlm.nih.gov
0483;17-3-2014T10:54:25;annotathon.org
0483;17-3-2014T10:54:27;www.ncbi.nlm.nih.gov
0483;17-3-2014T10:54:37;annotathon.org
0483;17-3-2014T10:54:55;annotathon.org
0483;17-3-2014T10:55:07;annotathon.org
0483;17-3-2014T10:55:25;annotathon.org
0483;17-3-2014T10:55:37;annotathon.org
0483;17-3-2014T10:55:55;annotathon.org
0483;17-3-2014T10:56:07;annotathon.org
0483;17-3-2014T10:56:25;annotathon.org
0483;17-3-2014T10:56:37;annotathon.org
0483;17-3-2014T10:56:53;annotathon.org
0483;17-3-2014T10:56:54;annotathon.univ-mrs.fr
0483;17-3-2014T10:56:54;annotathon.org
0483;17-3-2014T10:57:07;annotathon.org
0483;17-3-2014T10:57:24;annotathon.org
0483;17-3-2014T10:57:37;annotathon.org
0483;17-3-2014T10:57:54;annotathon.org
0483;17-3-2014T10:58:07;annotathon.org
0483;17-3-2014T10:58:10;annotathon.org
0483;17-3-2014T10:58:11;annotathon.univ-mrs.fr
0483;17-3-2014T10:58:11;annotathon.org
0483;17-3-2014T10:58:37;annotathon.org
0483;17-3-2014T10:58:41;annotathon.org
0483;17-3-2014T10:59:07;annotathon.org
0483;17-3-2014T10:59:11;annotathon.org
0483;17-3-2014T10:59:33;www.ncbi.nlm.nih.gov
0483;17-3-2014T10:59:35;www.ncbi.nlm.nih.gov
0483;17-3-2014T10:59:35;blast.ncbi.nlm.nih.gov
0483;17-3-2014T10:59:36;www.ncbi.nlm.nih.gov
0483;17-3-2014T10:59:37;annotathon.org
0483;17-3-2014T10:59:41;annotathon.org
0483;17-3-2014T11:00:07;annotathon.org
0483;17-3-2014T11:00:11;annotathon.org
0483;17-3-2014T11:00:37;annotathon.org
0483;17-3-2014T11:00:41;annotathon.org
0483;17-3-2014T11:01:07;annotathon.org
0483;17-3-2014T11:01:11;annotathon.org
0483;17-3-2014T11:01:37;annotathon.org
0483;17-3-2014T11:01:41;annotathon.org
0483;17-3-2014T11:02:02;annotathon.org
0483;17-3-2014T11:02:02;annotathon.univ-mrs.fr
0483;17-3-2014T11:02:07;annotathon.org
0483;17-3-2014T11:02:31;www.ncbi.nlm.nih.gov
0483;17-3-2014T11:02:31;www.bing.com
0483;17-3-2014T11:02:32;annotathon.org
0483;17-3-2014T11:02:34;www.bing.com
0483;17-3-2014T11:02:36;www.bing.com
0483;17-3-2014T11:02:37;annotathon.org
0483;17-3-2014T11:02:41;www.bing.com
0483;17-3-2014T11:02:54;www.bing.com
0483;17-3-2014T11:03:02;annotathon.org
0483;17-3-2014T11:03:32;annotathon.org
0483;17-3-2014T11:04:02;annotathon.org
0483;17-3-2014T11:04:03;platform.twitter.com
0483;17-3-2014T11:04:32;annotathon.org
0483;17-3-2014T11:04:43;www.pantherdb.org
0483;17-3-2014T11:04:44;www.pantherdb.org
0483;17-3-2014T11:04:53;supfam.cs.bris.ac.uk
0483;17-3-2014T11:04:54;supfam.cs.bris.ac.uk
0483;17-3-2014T11:05:02;annotathon.org
0483;17-3-2014T11:05:14;ajax.googleapis.com
0483;17-3-2014T11:05:14;pfam.sanger.ac.uk
0483;17-3-2014T11:05:14;yui.yahooapis.com
0483;17-3-2014T11:05:15;pfam.sanger.ac.uk
0483;17-3-2014T11:05:15;bits.wikimedia.org
0483;17-3-2014T11:05:16;pfam.sanger.ac.uk
0483;17-3-2014T11:05:32;annotathon.org
0483;17-3-2014T11:06:02;annotathon.org
0483;17-3-2014T11:06:32;annotathon.org
0483;17-3-2014T11:06:33;pfam.sanger.ac.uk
0483;17-3-2014T11:06:34;pfam.sanger.ac.uk
0483;17-3-2014T11:06:37;pfam.sanger.ac.uk
0483;17-3-2014T11:06:38;pfam.sanger.ac.uk
0483;17-3-2014T11:06:48;pfam.sanger.ac.uk
0483;17-3-2014T11:07:02;annotathon.org
0483;17-3-2014T11:07:10;pfam.sanger.ac.uk
0483;17-3-2014T11:07:11;pfam.sanger.ac.uk
0483;17-3-2014T11:07:32;annotathon.org
0483;17-3-2014T11:08:02;annotathon.org
0483;17-3-2014T11:08:32;annotathon.org
0483;17-3-2014T11:09:02;annotathon.org
0483;17-3-2014T11:09:32;annotathon.org
0483;17-3-2014T11:10:02;annotathon.org
0483;17-3-2014T11:10:32;annotathon.org
0483;17-3-2014T11:11:02;annotathon.org
0483;17-3-2014T11:11:32;annotathon.org
0483;17-3-2014T11:11:56;supfam.cs.bris.ac.uk
0483;17-3-2014T11:12:02;annotathon.org
0483;17-3-2014T11:12:15;supfam.cs.bris.ac.uk
0483;17-3-2014T11:12:16;supfam.cs.bris.ac.uk
0483;17-3-2014T11:12:27;annotathon.org
0483;17-3-2014T11:12:27;annotathon.univ-mrs.fr
0483;17-3-2014T11:12:57;annotathon.org
0483;17-3-2014T11:13:27;annotathon.org
0483;17-3-2014T11:13:57;annotathon.org
0483;17-3-2014T11:14:27;annotathon.org
0483;17-3-2014T11:14:39;annotathon.org
0483;17-3-2014T11:14:40;annotathon.org
0483;17-3-2014T11:14:57;annotathon.org
0483;17-3-2014T11:15:10;annotathon.org
0483;17-3-2014T11:15:22;annotathon.org
0483;17-3-2014T11:15:23;annotathon.org
0483;17-3-2014T11:15:23;annotathon.univ-mrs.fr
0483;17-3-2014T11:15:24;annotathon.org
0483;17-3-2014T11:15:25;annotathon.org
0483;17-3-2014T11:15:25;annotathon.univ-mrs.fr
0483;17-3-2014T11:15:26;annotathon.org
0483;17-3-2014T11:15:27;annotathon.org
0483;17-3-2014T11:15:29;annotathon.org
0483;17-3-2014T11:15:30;annotathon.org
0483;17-3-2014T11:15:40;annotathon.org
0483;17-3-2014T11:15:57;annotathon.org
0483;17-3-2014T11:16:10;annotathon.org
0483;17-3-2014T11:16:27;annotathon.org
0483;17-3-2014T11:16:40;annotathon.org
0483;17-3-2014T11:16:57;annotathon.org
0483;17-3-2014T11:17:10;annotathon.org
0483;17-3-2014T11:17:27;annotathon.org
0483;17-3-2014T11:17:40;annotathon.org
0483;17-3-2014T11:17:57;annotathon.org
0483;17-3-2014T11:18:10;annotathon.org
0483;17-3-2014T11:18:14;annotathon.org
0483;17-3-2014T11:18:15;annotathon.org
0483;17-3-2014T11:18:15;annotathon.univ-mrs.fr
0483;17-3-2014T11:18:40;annotathon.org
0483;17-3-2014T11:18:45;annotathon.org
0483;17-3-2014T11:19:10;annotathon.org
0483;17-3-2014T11:19:15;annotathon.org
0483;17-3-2014T11:19:40;annotathon.org
0483;17-3-2014T11:19:45;annotathon.org
0483;17-3-2014T11:20:10;annotathon.org
0483;17-3-2014T11:20:15;annotathon.org
0483;17-3-2014T11:20:40;annotathon.org
0483;17-3-2014T11:20:45;annotathon.org
0483;17-3-2014T11:20:46;annotathon.org
0483;17-3-2014T11:20:46;annotathon.univ-mrs.fr
0483;17-3-2014T11:21:10;annotathon.org
0483;17-3-2014T11:21:17;annotathon.org
0483;17-3-2014T11:21:40;annotathon.org
0483;17-3-2014T11:21:46;annotathon.org
0483;17-3-2014T11:22:04;www.ncbi.nlm.nih.gov
0483;17-3-2014T11:22:08;www.ncbi.nlm.nih.gov
0483;17-3-2014T11:22:10;annotathon.org
0483;17-3-2014T11:22:16;annotathon.org
0483;17-3-2014T11:22:18;www.ncbi.nlm.nih.gov
0483;17-3-2014T11:22:19;www.ncbi.nlm.nih.gov
0483;17-3-2014T11:22:19;blast.ncbi.nlm.nih.gov
0483;17-3-2014T11:22:20;www.ncbi.nlm.nih.gov
0483;17-3-2014T11:22:26;www.ncbi.nlm.nih.gov
0483;17-3-2014T11:22:27;www.ncbi.nlm.nih.gov
0483;17-3-2014T11:22:27;blast.ncbi.nlm.nih.gov
0483;17-3-2014T11:22:28;www.ncbi.nlm.nih.gov
0483;17-3-2014T11:22:29;www.ncbi.nlm.nih.gov
0483;17-3-2014T11:22:30;www.ncbi.nlm.nih.gov
0483;17-3-2014T11:22:30;blast.ncbi.nlm.nih.gov
0483;17-3-2014T11:22:40;annotathon.org
0483;17-3-2014T11:22:46;annotathon.org
0483;17-3-2014T11:23:10;annotathon.org
0483;17-3-2014T11:23:16;annotathon.org
0483;17-3-2014T11:23:40;annotathon.org
0483;17-3-2014T11:23:46;annotathon.org
0483;17-3-2014T11:24:10;annotathon.org
0483;17-3-2014T11:24:17;annotathon.org
0483;17-3-2014T11:24:40;annotathon.org
0483;17-3-2014T11:24:47;annotathon.org
0483;17-3-2014T11:25:10;annotathon.org
0483;17-3-2014T11:25:17;annotathon.org
0483;17-3-2014T11:25:40;annotathon.org
0483;17-3-2014T11:25:47;annotathon.org
0483;17-3-2014T11:26:10;annotathon.org
0483;17-3-2014T11:26:17;annotathon.org
0483;17-3-2014T11:26:40;annotathon.org
0483;17-3-2014T11:26:47;annotathon.org
0483;17-3-2014T11:27:10;annotathon.org
0483;17-3-2014T11:27:17;annotathon.org
0483;17-3-2014T11:27:40;annotathon.org
0483;17-3-2014T11:27:47;annotathon.org
0483;17-3-2014T11:28:10;annotathon.org
0483;17-3-2014T11:28:17;annotathon.org
0483;17-3-2014T11:28:40;annotathon.org
0483;17-3-2014T11:28:47;annotathon.org
0483;17-3-2014T11:29:10;annotathon.org
0483;17-3-2014T11:29:17;annotathon.org
0483;17-3-2014T11:29:40;annotathon.org
0483;17-3-2014T11:29:47;annotathon.org
0483;17-3-2014T11:30:10;annotathon.org
0483;17-3-2014T11:30:17;annotathon.org
0483;17-3-2014T11:30:40;annotathon.org
0483;17-3-2014T11:30:47;annotathon.org
0483;17-3-2014T11:30:54;www.ncbi.nlm.nih.gov
0483;17-3-2014T11:30:55;www.ncbi.nlm.nih.gov
0483;17-3-2014T11:30:56;www.ncbi.nlm.nih.gov
0483;17-3-2014T11:31:00;api.bing.com
0483;17-3-2014T11:31:02;api.bing.com
0483;17-3-2014T11:31:03;www.bing.com
0483;17-3-2014T11:31:04;www.bing.com
0483;17-3-2014T11:31:05;www.bing.com
0483;17-3-2014T11:31:06;blast.ncbi.nlm.nih.gov
0483;17-3-2014T11:31:07;blast.ncbi.nlm.nih.gov
0483;17-3-2014T11:31:08;blast.ncbi.nlm.nih.gov
0483;17-3-2014T11:31:09;blast.ncbi.nlm.nih.gov
0483;17-3-2014T11:31:10;blast.ncbi.nlm.nih.gov
0483;17-3-2014T11:31:10;annotathon.org
0483;17-3-2014T11:31:11;blast.ncbi.nlm.nih.gov
0483;17-3-2014T11:31:13;annotathon.org
0483;17-3-2014T11:31:13;annotathon.univ-mrs.fr
0483;17-3-2014T11:31:14;annotathon.org
0483;17-3-2014T11:31:25;blast.ncbi.nlm.nih.gov
0483;17-3-2014T11:31:29;blast.ncbi.nlm.nih.gov
0483;17-3-2014T11:31:31;blast.ncbi.nlm.nih.gov
0483;17-3-2014T11:31:33;www.ncbi.nlm.nih.gov
0483;17-3-2014T11:31:34;blast.ncbi.nlm.nih.gov
0483;17-3-2014T11:31:37;blast.ncbi.nlm.nih.gov
0483;17-3-2014T11:31:39;blast.ncbi.nlm.nih.gov
0483;17-3-2014T11:31:40;annotathon.org
0483;17-3-2014T11:31:42;blast.ncbi.nlm.nih.gov
0483;17-3-2014T11:31:44;annotathon.org
0483;17-3-2014T11:31:45;blast.ncbi.nlm.nih.gov
0483;17-3-2014T11:31:47;blast.ncbi.nlm.nih.gov
0483;17-3-2014T11:31:52;blast.ncbi.nlm.nih.gov
0483;17-3-2014T11:31:54;blast.ncbi.nlm.nih.gov
0483;17-3-2014T11:31:55;blast.ncbi.nlm.nih.gov
0483;17-3-2014T11:31:56;blast.ncbi.nlm.nih.gov
0483;17-3-2014T11:31:57;blast.ncbi.nlm.nih.gov
0483;17-3-2014T11:31:58;blast.ncbi.nlm.nih.gov
0483;17-3-2014T11:31:59;blast.ncbi.nlm.nih.gov
0483;17-3-2014T11:32:00;blast.ncbi.nlm.nih.gov
0483;17-3-2014T11:32:01;blast.ncbi.nlm.nih.gov
0483;17-3-2014T11:32:10;annotathon.org
0483;17-3-2014T11:32:14;annotathon.org
0483;17-3-2014T11:32:40;annotathon.org
0483;17-3-2014T11:32:44;annotathon.org
0483;17-3-2014T11:33:10;annotathon.org
0483;17-3-2014T11:33:14;annotathon.org
0483;17-3-2014T11:33:14;blast.ncbi.nlm.nih.gov
0483;17-3-2014T11:33:17;blast.ncbi.nlm.nih.gov
0483;17-3-2014T11:33:21;blast.ncbi.nlm.nih.gov
0483;17-3-2014T11:33:30;annotathon.org
0483;17-3-2014T11:33:30;annotathon.univ-mrs.fr
0483;17-3-2014T11:33:33;blast.ncbi.nlm.nih.gov
0483;17-3-2014T11:33:35;blast.ncbi.nlm.nih.gov
0483;17-3-2014T11:33:36;blast.ncbi.nlm.nih.gov
0483;17-3-2014T11:33:40;annotathon.org
0483;17-3-2014T11:33:58;blast.ncbi.nlm.nih.gov
0483;17-3-2014T11:33:59;blast.ncbi.nlm.nih.gov
0483;17-3-2014T11:34:00;annotathon.org
0483;17-3-2014T11:34:01;blast.ncbi.nlm.nih.gov
0483;17-3-2014T11:34:04;blast.ncbi.nlm.nih.gov
0483;17-3-2014T11:34:05;blast.ncbi.nlm.nih.gov
0483;17-3-2014T11:34:10;annotathon.org
0483;17-3-2014T11:34:30;annotathon.org
0483;17-3-2014T11:34:33;api.bing.com
0483;17-3-2014T11:34:34;api.bing.com
0483;17-3-2014T11:34:36;www.bing.com
0483;17-3-2014T11:34:38;www.bing.com
0483;17-3-2014T11:34:40;annotathon.org
0483;17-3-2014T11:34:41;www.bing.com
0483;17-3-2014T11:35:00;annotathon.org
0483;17-3-2014T11:35:10;annotathon.org
0483;17-3-2014T11:35:30;annotathon.org
0483;17-3-2014T11:35:40;annotathon.org
0483;17-3-2014T11:35:58;annotathon.org
0483;17-3-2014T11:35:58;annotathon.univ-mrs.fr
0483;17-3-2014T11:36:10;annotathon.org
0483;17-3-2014T11:36:21;www.ncbi.nlm.nih.gov
0483;17-3-2014T11:36:28;annotathon.org
0483;17-3-2014T11:36:33;annotathon.org
0483;17-3-2014T11:36:33;annotathon.univ-mrs.fr
0483;17-3-2014T11:36:40;annotathon.org
0483;17-3-2014T11:37:03;annotathon.org
0483;17-3-2014T11:37:10;annotathon.org
0483;17-3-2014T11:37:33;annotathon.org
0483;17-3-2014T11:37:40;annotathon.org
0483;17-3-2014T11:38:03;annotathon.org
0483;17-3-2014T11:38:10;annotathon.org
0483;17-3-2014T11:38:33;annotathon.org
0483;17-3-2014T11:38:40;annotathon.org
0483;17-3-2014T11:39:03;annotathon.org
0483;17-3-2014T11:39:10;annotathon.org
0483;17-3-2014T11:39:11;annotathon.org
0483;17-3-2014T11:39:11;annotathon.univ-mrs.fr
0483;17-3-2014T11:39:40;annotathon.org
0483;17-3-2014T11:39:41;annotathon.org
0483;17-3-2014T11:40:10;annotathon.org
0483;17-3-2014T11:40:11;annotathon.org
0483;17-3-2014T11:40:40;annotathon.org
0483;17-3-2014T11:40:41;annotathon.org
0483;17-3-2014T11:41:11;annotathon.org
0483;17-3-2014T11:41:41;annotathon.org
0483;17-3-2014T11:42:11;annotathon.org
0483;17-3-2014T11:42:41;blast.ncbi.nlm.nih.gov
0483;17-3-2014T11:42:41;annotathon.org
0483;17-3-2014T11:42:46;blast.ncbi.nlm.nih.gov
0483;17-3-2014T11:42:47;blast.ncbi.nlm.nih.gov
0483;17-3-2014T11:42:48;blast.ncbi.nlm.nih.gov
0483;17-3-2014T11:42:49;blast.ncbi.nlm.nih.gov
0483;17-3-2014T11:42:50;blast.ncbi.nlm.nih.gov
0483;17-3-2014T11:42:51;blast.ncbi.nlm.nih.gov
0483;17-3-2014T11:42:52;blast.ncbi.nlm.nih.gov
0483;17-3-2014T11:42:53;blast.ncbi.nlm.nih.gov
0483;17-3-2014T11:43:11;annotathon.org
0483;17-3-2014T11:43:13;blast.ncbi.nlm.nih.gov
0483;17-3-2014T11:43:41;annotathon.org
0483;17-3-2014T11:44:11;annotathon.org
0483;17-3-2014T11:44:41;annotathon.org
0483;17-3-2014T11:45:11;annotathon.org
0483;17-3-2014T11:45:41;annotathon.org
0483;17-3-2014T11:46:11;annotathon.org
0483;17-3-2014T11:46:35;blast.ncbi.nlm.nih.gov
0483;17-3-2014T11:46:37;blast.ncbi.nlm.nih.gov
0483;17-3-2014T11:46:41;annotathon.org
0483;17-3-2014T11:46:42;blast.ncbi.nlm.nih.gov
0483;17-3-2014T11:46:43;blast.ncbi.nlm.nih.gov
0483;17-3-2014T11:46:44;blast.ncbi.nlm.nih.gov
0483;17-3-2014T11:46:46;www.ncbi.nlm.nih.gov
0483;17-3-2014T11:46:47;blast.ncbi.nlm.nih.gov
0483;17-3-2014T11:46:49;www.ncbi.nlm.nih.gov
0483;17-3-2014T11:46:50;blast.ncbi.nlm.nih.gov
0483;17-3-2014T11:46:51;blast.ncbi.nlm.nih.gov
0483;17-3-2014T11:46:52;blast.ncbi.nlm.nih.gov
0483;17-3-2014T11:46:53;blast.ncbi.nlm.nih.gov
0483;17-3-2014T11:47:11;annotathon.org
0483;17-3-2014T11:47:39;annotathon.org
0483;17-3-2014T11:47:40;annotathon.univ-mrs.fr
0483;17-3-2014T11:47:40;annotathon.org
0483;17-3-2014T11:47:41;annotathon.org
0483;17-3-2014T11:48:10;annotathon.org
0483;17-3-2014T11:48:11;annotathon.org
0483;17-3-2014T11:48:40;annotathon.org
0483;17-3-2014T11:48:41;annotathon.org
0483;17-3-2014T11:49:10;annotathon.org
0483;17-3-2014T11:49:11;annotathon.org
0483;17-3-2014T11:49:39;annotathon.org
0483;17-3-2014T11:49:39;annotathon.univ-mrs.fr
0483;17-3-2014T11:49:41;annotathon.org
0483;17-3-2014T11:50:09;annotathon.org
0483;17-3-2014T11:50:11;annotathon.org
0483;17-3-2014T11:50:39;annotathon.org
0483;17-3-2014T11:50:41;annotathon.org
0483;17-3-2014T11:50:46;blast.ncbi.nlm.nih.gov
0483;17-3-2014T11:50:49;www.ncbi.nlm.nih.gov
0483;17-3-2014T11:50:50;www.ncbi.nlm.nih.gov
0483;17-3-2014T11:50:51;www.ncbi.nlm.nih.gov
0483;17-3-2014T11:50:52;www.ncbi.nlm.nih.gov
0483;17-3-2014T11:50:53;www.ncbi.nlm.nih.gov
0483;17-3-2014T11:51:01;www.ncbi.nlm.nih.gov
0483;17-3-2014T11:51:02;www.ncbi.nlm.nih.gov
0483;17-3-2014T11:51:03;www.ncbi.nlm.nih.gov
0483;17-3-2014T11:51:06;www.ncbi.nlm.nih.gov
0483;17-3-2014T11:51:07;www.ncbi.nlm.nih.gov
0483;17-3-2014T11:51:10;annotathon.org
0483;17-3-2014T11:51:11;annotathon.org
0483;17-3-2014T11:51:15;www.ncbi.nlm.nih.gov
0483;17-3-2014T11:51:16;www.ncbi.nlm.nih.gov
0483;17-3-2014T11:51:17;www.ncbi.nlm.nih.gov
0483;17-3-2014T11:51:18;www.ncbi.nlm.nih.gov
0483;17-3-2014T11:51:36;www.ncbi.nlm.nih.gov
0483;17-3-2014T11:51:40;annotathon.org
0483;17-3-2014T11:51:41;annotathon.org
0483;17-3-2014T11:51:43;www.ncbi.nlm.nih.gov
0483;17-3-2014T11:51:44;www.ncbi.nlm.nih.gov
0483;17-3-2014T11:51:48;blast.ncbi.nlm.nih.gov
0483;17-3-2014T11:51:50;www.ncbi.nlm.nih.gov
0483;17-3-2014T11:51:52;www.ncbi.nlm.nih.gov
0483;17-3-2014T11:51:53;www.ncbi.nlm.nih.gov
0483;17-3-2014T11:51:58;www.ncbi.nlm.nih.gov
0483;17-3-2014T11:52:10;annotathon.org
0483;17-3-2014T11:52:11;annotathon.org
0483;17-3-2014T11:52:40;annotathon.org
0483;17-3-2014T11:52:41;annotathon.org
0483;17-3-2014T11:53:10;annotathon.org
0483;17-3-2014T11:53:11;annotathon.org
0483;17-3-2014T11:53:40;annotathon.org
0483;17-3-2014T11:53:41;annotathon.org
0483;17-3-2014T11:54:10;annotathon.org
0483;17-3-2014T11:54:11;annotathon.org
0483;17-3-2014T11:54:40;annotathon.org
0483;17-3-2014T11:54:41;annotathon.org
0483;17-3-2014T11:55:10;annotathon.org
0483;17-3-2014T11:55:11;annotathon.org
0483;17-3-2014T11:55:40;annotathon.org
0483;17-3-2014T11:55:41;annotathon.org
0483;17-3-2014T11:56:05;annotathon.org
0483;17-3-2014T11:56:05;annotathon.univ-mrs.fr
0483;17-3-2014T11:56:11;annotathon.org
0483;17-3-2014T11:56:18;blast.ncbi.nlm.nih.gov
0483;17-3-2014T11:56:20;blast.ncbi.nlm.nih.gov
0483;17-3-2014T11:56:26;blast.ncbi.nlm.nih.gov
0483;17-3-2014T11:56:28;www.ncbi.nlm.nih.gov
0483;17-3-2014T11:56:29;static.pubmed.gov
0483;17-3-2014T11:56:29;www.ncbi.nlm.nih.gov
0483;17-3-2014T11:56:30;www.ncbi.nlm.nih.gov
0483;17-3-2014T11:56:32;www.ncbi.nlm.nih.gov
0483;17-3-2014T11:56:32;static.pubmed.gov
0483;17-3-2014T11:56:35;annotathon.org
0483;17-3-2014T11:56:41;annotathon.org
0483;17-3-2014T11:57:05;annotathon.org
0483;17-3-2014T11:57:11;annotathon.org
0483;17-3-2014T11:57:35;annotathon.org
0483;17-3-2014T11:57:41;annotathon.org
0483;17-3-2014T11:58:05;annotathon.org
0483;17-3-2014T11:58:11;annotathon.org
0483;17-3-2014T11:58:20;annotathon.org
0483;17-3-2014T11:58:21;annotathon.org
0483;17-3-2014T11:58:22;annotathon.univ-mrs.fr
0483;17-3-2014T11:58:22;annotathon.org
0483;17-3-2014T11:58:25;blast.ncbi.nlm.nih.gov
0483;17-3-2014T11:58:26;blast.ncbi.nlm.nih.gov
0483;17-3-2014T11:58:31;blast.ncbi.nlm.nih.gov
0483;17-3-2014T11:58:35;www.ncbi.nlm.nih.gov
0483;17-3-2014T11:58:38;www.ncbi.nlm.nih.gov
0483;17-3-2014T11:58:39;www.ncbi.nlm.nih.gov
0483;17-3-2014T09:56:36;login.live.com
0483;17-3-2014T10:34:25;login.live.com
0483;17-3-2014T10:34:32;login.live.com
0483;17-3-2014T10:34:33;login.live.com
0483;17-3-2014T10:36:44;ssl.bing.com
0483;17-3-2014T11:02:51;login.live.com
0483;17-3-2014T11:04:55;ssl.bing.com
0483;17-3-2014T11:31:05;login.live.com
0483;17-3-2014T11:34:56;login.live.com
0483;24-3-2014T09:58:57;api.bing.com
0483;24-3-2014T09:59:00;api.bing.com
0483;24-3-2014T09:59:01;api.bing.com
0483;24-3-2014T09:59:02;api.bing.com
0483;24-3-2014T09:59:03;api.bing.com
0483;24-3-2014T09:59:04;api.bing.com
0483;24-3-2014T09:59:05;api.bing.com
0483;24-3-2014T09:59:06;www.bing.com
0483;24-3-2014T09:59:07;www.bing.com
0483;24-3-2014T09:59:08;www.bing.com
0483;24-3-2014T09:59:08;cms.abmr.net
0483;24-3-2014T09:59:09;www.bing.com
0483;24-3-2014T09:59:09;www.ujf-grenoble.fr
0483;24-3-2014T09:59:10;www.ujf-grenoble.fr
0483;24-3-2014T09:59:10;www.youtube.com
0483;24-3-2014T09:59:11;www.ujf-grenoble.fr
0483;24-3-2014T09:59:16;www.ujf-grenoble.fr
0483;24-3-2014T09:59:17;www.ujf-grenoble.fr
0483;24-3-2014T09:59:18;www.ujf-grenoble.fr
0483;24-3-2014T09:59:28;www.ujf-grenoble.fr
0483;24-3-2014T09:59:31;www.ujf-grenoble.fr
0483;24-3-2014T10:00:16;candidature.grenet.fr
0483;24-3-2014T10:00:16;webobjects-fr.grenet.fr
0483;24-3-2014T10:01:45;api.bing.com
0483;24-3-2014T10:01:47;api.bing.com
0483;24-3-2014T10:01:50;www.bing.com
0483;24-3-2014T10:01:52;www.bing.com
0483;24-3-2014T10:01:54;www.bing.com
0483;24-3-2014T10:01:55;www.bing.com
0483;24-3-2014T10:02:01;www.bing.com
0483;24-3-2014T10:02:01;annotathon.org
0483;24-3-2014T10:02:02;annotathon.org
0483;24-3-2014T10:02:27;annotathon.org
0483;24-3-2014T10:02:31;annotathon.org
0483;24-3-2014T10:02:33;annotathon.org
0483;24-3-2014T10:02:35;annotathon.org
0483;24-3-2014T10:02:35;annotathon.univ-mrs.fr
0483;24-3-2014T10:03:05;annotathon.org
0483;24-3-2014T10:03:35;annotathon.org
0483;24-3-2014T10:04:05;annotathon.org
0483;24-3-2014T10:04:35;annotathon.org
0483;24-3-2014T10:05:05;annotathon.org
0483;24-3-2014T10:05:35;annotathon.org
0483;24-3-2014T10:05:38;annotathon.org
0483;24-3-2014T10:05:39;annotathon.org
0483;24-3-2014T10:05:42;annotathon.org
0483;24-3-2014T10:05:43;annotathon.org
0483;24-3-2014T10:05:43;annotathon.univ-mrs.fr
0483;24-3-2014T10:05:50;annotathon.org
0483;24-3-2014T10:05:51;annotathon.org
0483;24-3-2014T10:06:13;annotathon.org
0483;24-3-2014T10:06:20;annotathon.org
0483;24-3-2014T10:06:31;api.bing.com
0483;24-3-2014T10:06:32;api.bing.com
0483;24-3-2014T10:06:34;www.bing.com
0483;24-3-2014T10:06:35;www.bing.com
0483;24-3-2014T10:06:36;blast.ncbi.nlm.nih.gov
0483;24-3-2014T10:06:37;blast.ncbi.nlm.nih.gov
0483;24-3-2014T10:06:39;blast.ncbi.nlm.nih.gov
0483;24-3-2014T10:06:43;annotathon.org
0483;24-3-2014T10:06:50;annotathon.org
0483;24-3-2014T10:06:56;blast.ncbi.nlm.nih.gov
0483;24-3-2014T10:06:57;blast.ncbi.nlm.nih.gov
0483;24-3-2014T10:06:58;blast.ncbi.nlm.nih.gov
0483;24-3-2014T10:06:59;blast.ncbi.nlm.nih.gov
0483;24-3-2014T10:07:00;blast.ncbi.nlm.nih.gov
0483;24-3-2014T10:07:01;blast.ncbi.nlm.nih.gov
0483;24-3-2014T10:07:09;blast.ncbi.nlm.nih.gov
0483;24-3-2014T10:07:10;blast.ncbi.nlm.nih.gov
0483;24-3-2014T10:07:13;annotathon.org
0483;24-3-2014T10:07:14;blast.ncbi.nlm.nih.gov
0483;24-3-2014T10:07:16;blast.ncbi.nlm.nih.gov
0483;24-3-2014T10:07:17;www.ncbi.nlm.nih.gov
0483;24-3-2014T10:07:18;blast.ncbi.nlm.nih.gov
0483;24-3-2014T10:07:20;annotathon.org
0483;24-3-2014T10:07:21;blast.ncbi.nlm.nih.gov
0483;24-3-2014T10:07:23;blast.ncbi.nlm.nih.gov
0483;24-3-2014T10:07:27;blast.ncbi.nlm.nih.gov
0483;24-3-2014T10:07:34;blast.ncbi.nlm.nih.gov
0483;24-3-2014T10:07:43;annotathon.org
0483;24-3-2014T10:07:48;blast.ncbi.nlm.nih.gov
0483;24-3-2014T10:07:49;blast.ncbi.nlm.nih.gov
0483;24-3-2014T10:07:50;blast.ncbi.nlm.nih.gov
0483;24-3-2014T10:07:50;annotathon.org
0483;24-3-2014T10:07:51;blast.ncbi.nlm.nih.gov
0483;24-3-2014T10:07:52;blast.ncbi.nlm.nih.gov
0483;24-3-2014T10:07:53;blast.ncbi.nlm.nih.gov
0483;24-3-2014T10:08:13;annotathon.org
0483;24-3-2014T10:08:20;annotathon.org
0483;24-3-2014T10:08:44;annotathon.org
0483;24-3-2014T10:08:50;annotathon.org
0483;24-3-2014T10:09:13;annotathon.org
0483;24-3-2014T10:09:20;annotathon.org
0483;24-3-2014T10:09:43;annotathon.org
0483;24-3-2014T10:09:50;annotathon.org
0483;24-3-2014T10:10:13;annotathon.org
0483;24-3-2014T10:10:20;annotathon.org
0483;24-3-2014T10:10:43;annotathon.org
0483;24-3-2014T10:10:51;annotathon.org
0483;24-3-2014T10:11:13;annotathon.org
0483;24-3-2014T10:11:21;annotathon.org
0483;24-3-2014T10:11:44;annotathon.org
0483;24-3-2014T10:11:51;annotathon.org
0483;24-3-2014T10:12:14;annotathon.org
0483;24-3-2014T10:12:21;annotathon.org
0483;24-3-2014T10:12:44;annotathon.org
0483;24-3-2014T10:12:51;annotathon.org
0483;24-3-2014T10:13:14;annotathon.org
0483;24-3-2014T10:13:21;annotathon.org
0483;24-3-2014T10:13:44;annotathon.org
0483;24-3-2014T10:13:51;annotathon.org
0483;24-3-2014T10:14:14;annotathon.org
0483;24-3-2014T10:14:21;annotathon.org
0483;24-3-2014T10:14:44;annotathon.org
0483;24-3-2014T10:14:51;annotathon.org
0483;24-3-2014T10:15:04;www.bing.com
0483;24-3-2014T10:15:05;www.bing.com
0483;24-3-2014T10:15:05;blast.ncbi.nlm.nih.gov
0483;24-3-2014T10:15:06;blast.ncbi.nlm.nih.gov
0483;24-3-2014T10:15:07;blast.ncbi.nlm.nih.gov
0483;24-3-2014T10:15:14;annotathon.org
0483;24-3-2014T10:15:15;blast.ncbi.nlm.nih.gov
0483;24-3-2014T10:15:16;blast.ncbi.nlm.nih.gov
0483;24-3-2014T10:15:17;blast.ncbi.nlm.nih.gov
0483;24-3-2014T10:15:18;blast.ncbi.nlm.nih.gov
0483;24-3-2014T10:15:21;annotathon.org
0483;24-3-2014T10:15:25;blast.ncbi.nlm.nih.gov
0483;24-3-2014T10:15:29;blast.ncbi.nlm.nih.gov
0483;24-3-2014T10:15:30;blast.ncbi.nlm.nih.gov
0483;24-3-2014T10:15:31;www.ncbi.nlm.nih.gov
0483;24-3-2014T10:15:33;blast.ncbi.nlm.nih.gov
0483;24-3-2014T10:15:34;blast.ncbi.nlm.nih.gov
0483;24-3-2014T10:15:36;blast.ncbi.nlm.nih.gov
0483;24-3-2014T10:15:44;annotathon.org
0483;24-3-2014T10:15:51;annotathon.org
0483;24-3-2014T10:16:10;blast.ncbi.nlm.nih.gov
0483;24-3-2014T10:16:13;blast.ncbi.nlm.nih.gov
0483;24-3-2014T10:16:14;annotathon.org
0483;24-3-2014T10:16:16;blast.ncbi.nlm.nih.gov
0483;24-3-2014T10:16:17;blast.ncbi.nlm.nih.gov
0483;24-3-2014T10:16:21;annotathon.org
0483;24-3-2014T10:16:44;annotathon.org
0483;24-3-2014T10:16:47;blast.ncbi.nlm.nih.gov
0483;24-3-2014T10:16:51;annotathon.org
0483;24-3-2014T10:17:14;annotathon.org
0483;24-3-2014T10:17:21;annotathon.org
0483;24-3-2014T10:17:44;annotathon.org
0483;24-3-2014T10:17:51;annotathon.org
0483;24-3-2014T10:18:14;annotathon.org
0483;24-3-2014T10:18:21;annotathon.org
0483;24-3-2014T10:18:44;annotathon.org
0483;24-3-2014T10:18:51;annotathon.org
0483;24-3-2014T10:19:14;annotathon.org
0483;24-3-2014T10:19:21;annotathon.org
0483;24-3-2014T10:19:44;annotathon.org
0483;24-3-2014T10:19:51;annotathon.org
0483;24-3-2014T10:20:14;annotathon.org
0483;24-3-2014T10:20:21;annotathon.org
0483;24-3-2014T10:20:44;annotathon.org
0483;24-3-2014T10:20:51;annotathon.org
0483;24-3-2014T10:21:04;blast.ncbi.nlm.nih.gov
0483;24-3-2014T10:21:14;annotathon.org
0483;24-3-2014T10:21:21;annotathon.org
0483;24-3-2014T10:21:44;annotathon.org
0483;24-3-2014T10:21:51;annotathon.org
0483;24-3-2014T10:22:14;annotathon.org
0483;24-3-2014T10:22:21;annotathon.org
0483;24-3-2014T10:22:44;annotathon.org
0483;24-3-2014T10:22:51;annotathon.org
0483;24-3-2014T10:23:14;annotathon.org
0483;24-3-2014T10:23:21;annotathon.org
0483;24-3-2014T10:23:44;annotathon.org
0483;24-3-2014T10:23:51;annotathon.org
0483;24-3-2014T10:24:14;annotathon.org
0483;24-3-2014T10:24:21;annotathon.org
0483;24-3-2014T10:24:44;annotathon.org
0483;24-3-2014T10:24:51;annotathon.org
0483;24-3-2014T10:25:14;annotathon.org
0483;24-3-2014T10:25:21;annotathon.org
0483;24-3-2014T10:25:44;annotathon.org
0483;24-3-2014T10:25:51;annotathon.org
0483;24-3-2014T10:26:01;annotathon.org
0483;24-3-2014T10:26:01;annotathon.univ-mrs.fr
0483;24-3-2014T10:26:02;annotathon.org
0483;24-3-2014T10:26:21;annotathon.org
0483;24-3-2014T10:26:32;annotathon.org
0483;24-3-2014T10:26:51;annotathon.org
0483;24-3-2014T10:27:02;annotathon.org
0483;24-3-2014T10:27:21;annotathon.org
0483;24-3-2014T10:27:32;annotathon.org
0483;24-3-2014T10:27:51;annotathon.org
0483;24-3-2014T10:28:02;annotathon.org
0483;24-3-2014T10:28:21;annotathon.org
0483;24-3-2014T10:28:32;annotathon.org
0483;24-3-2014T10:28:51;annotathon.org
0483;24-3-2014T10:29:02;annotathon.org
0483;24-3-2014T10:29:21;annotathon.org
0483;24-3-2014T10:29:31;annotathon.org
0483;24-3-2014T10:29:31;annotathon.univ-mrs.fr
0483;24-3-2014T10:29:32;annotathon.org
0483;24-3-2014T10:29:51;annotathon.org
0483;24-3-2014T10:30:02;annotathon.org
0483;24-3-2014T10:30:21;annotathon.org
0483;24-3-2014T10:30:28;annotathon.org
0483;24-3-2014T10:30:28;annotathon.univ-mrs.fr
0483;24-3-2014T10:30:51;annotathon.org
0483;24-3-2014T10:30:58;annotathon.org
0483;24-3-2014T10:31:21;annotathon.org
0483;24-3-2014T10:31:28;annotathon.org
0483;24-3-2014T10:31:51;annotathon.org
0483;24-3-2014T10:31:59;annotathon.org
0483;24-3-2014T10:32:21;annotathon.org
0483;24-3-2014T10:32:29;annotathon.org
0483;24-3-2014T10:32:37;blast.ncbi.nlm.nih.gov
0483;24-3-2014T10:32:48;blast.ncbi.nlm.nih.gov
0483;24-3-2014T10:32:51;annotathon.org
0483;24-3-2014T10:32:59;annotathon.org
0483;24-3-2014T10:33:21;annotathon.org
0483;24-3-2014T10:33:29;annotathon.org
0483;24-3-2014T10:33:51;annotathon.org
0483;24-3-2014T10:33:59;annotathon.org
0483;24-3-2014T10:34:21;annotathon.org
0483;24-3-2014T10:34:29;annotathon.org
0483;24-3-2014T10:34:51;annotathon.org
0483;24-3-2014T10:34:59;annotathon.org
0483;24-3-2014T10:35:19;annotathon.org
0483;24-3-2014T10:35:19;annotathon.univ-mrs.fr
0483;24-3-2014T10:35:21;annotathon.org
0483;24-3-2014T10:35:49;annotathon.org
0483;24-3-2014T10:35:51;annotathon.org
0483;24-3-2014T10:36:19;annotathon.org
0483;24-3-2014T10:36:21;annotathon.org
0483;24-3-2014T10:36:49;annotathon.org
0483;24-3-2014T10:36:51;annotathon.org
0483;24-3-2014T10:37:20;annotathon.org
0483;24-3-2014T10:37:21;annotathon.org
0483;24-3-2014T10:37:49;annotathon.org
0483;24-3-2014T10:37:51;annotathon.org
0483;24-3-2014T10:38:19;annotathon.org
0483;24-3-2014T10:38:21;annotathon.org
0483;24-3-2014T10:38:49;annotathon.org
0483;24-3-2014T10:38:51;annotathon.org
0483;24-3-2014T10:39:20;annotathon.org
0483;24-3-2014T10:39:21;annotathon.org
0483;24-3-2014T10:39:30;blast.ncbi.nlm.nih.gov
0483;24-3-2014T10:39:50;annotathon.org
0483;24-3-2014T10:39:55;annotathon.org
0483;24-3-2014T10:40:20;annotathon.org
0483;24-3-2014T10:40:21;annotathon.org
0483;24-3-2014T10:40:50;annotathon.org
0483;24-3-2014T10:40:51;annotathon.org
0483;24-3-2014T10:40:53;blast.ncbi.nlm.nih.gov
0483;24-3-2014T10:41:03;www.ncbi.nlm.nih.gov
0483;24-3-2014T10:41:04;static.pubmed.gov
0483;24-3-2014T10:41:06;www.ncbi.nlm.nih.gov
0483;24-3-2014T10:41:06;static.pubmed.gov
0483;24-3-2014T10:41:07;www.ncbi.nlm.nih.gov
0483;24-3-2014T10:41:08;www.ncbi.nlm.nih.gov
0483;24-3-2014T10:41:11;www.ncbi.nlm.nih.gov
0483;24-3-2014T10:41:20;annotathon.org
0483;24-3-2014T10:41:21;annotathon.org
0483;24-3-2014T10:41:50;annotathon.org
0483;24-3-2014T10:41:51;annotathon.org
0483;24-3-2014T10:42:20;annotathon.org
0483;24-3-2014T10:42:21;annotathon.org
0483;24-3-2014T10:42:50;annotathon.org
0483;24-3-2014T10:42:51;annotathon.org
0483;24-3-2014T10:43:20;annotathon.org
0483;24-3-2014T10:43:21;annotathon.org
0483;24-3-2014T10:43:50;annotathon.org
0483;24-3-2014T10:43:51;annotathon.org
0483;24-3-2014T10:44:20;annotathon.org
0483;24-3-2014T10:44:21;annotathon.org
0483;24-3-2014T10:44:50;annotathon.org
0483;24-3-2014T10:44:51;annotathon.org
0483;24-3-2014T10:45:20;annotathon.org
0483;24-3-2014T10:45:21;annotathon.org
0483;24-3-2014T10:45:50;annotathon.org
0483;24-3-2014T10:45:51;annotathon.org
0483;24-3-2014T10:46:20;annotathon.org
0483;24-3-2014T10:46:21;annotathon.org
0483;24-3-2014T10:46:50;annotathon.org
0483;24-3-2014T10:46:51;annotathon.org
0483;24-3-2014T10:47:20;annotathon.org
0483;24-3-2014T10:47:22;annotathon.org
0483;24-3-2014T10:47:23;www.bing.com
0483;24-3-2014T10:47:25;www.bing.com
0483;24-3-2014T10:47:27;www.bing.com
0483;24-3-2014T10:47:33;www.bing.com
0483;24-3-2014T10:47:50;annotathon.org
0483;24-3-2014T10:47:52;annotathon.org
0483;24-3-2014T10:47:52;www.bing.com
0483;24-3-2014T10:48:20;annotathon.org
0483;24-3-2014T10:48:22;annotathon.org
0483;24-3-2014T10:48:50;annotathon.org
0483;24-3-2014T10:48:52;annotathon.org
0483;24-3-2014T10:49:20;annotathon.org
0483;24-3-2014T10:49:22;annotathon.org
0483;24-3-2014T10:49:32;annotathon.org
0483;24-3-2014T10:49:42;www.bing.com
0483;24-3-2014T10:49:43;www.bing.com
0483;24-3-2014T10:49:44;blast.ncbi.nlm.nih.gov
0483;24-3-2014T10:49:45;blast.ncbi.nlm.nih.gov
0483;24-3-2014T10:49:50;annotathon.org
0483;24-3-2014T10:49:52;annotathon.org
0483;24-3-2014T10:49:59;blast.ncbi.nlm.nih.gov
0483;24-3-2014T10:50:00;blast.ncbi.nlm.nih.gov
0483;24-3-2014T10:50:01;blast.ncbi.nlm.nih.gov
0483;24-3-2014T10:50:20;annotathon.org
0483;24-3-2014T10:50:22;annotathon.org
0483;24-3-2014T10:50:50;annotathon.org
0483;24-3-2014T10:50:52;annotathon.org
0483;24-3-2014T10:51:20;annotathon.org
0483;24-3-2014T10:51:22;annotathon.org
0483;24-3-2014T10:51:51;annotathon.org
0483;24-3-2014T10:51:52;annotathon.org
0483;24-3-2014T10:52:22;annotathon.org
0483;24-3-2014T10:52:32;annotathon.org
0483;24-3-2014T10:52:41;annotathon.org
0483;24-3-2014T10:52:49;annotathon.org
0483;24-3-2014T10:52:52;annotathon.org
0483;24-3-2014T10:52:57;annotathon.org
0483;24-3-2014T10:52:57;annotathon.univ-mrs.fr
0483;24-3-2014T10:53:02;annotathon.org
0483;24-3-2014T10:53:22;annotathon.org
0483;24-3-2014T10:53:27;annotathon.org
0483;24-3-2014T10:53:52;annotathon.org
0483;24-3-2014T10:53:57;annotathon.org
0483;24-3-2014T10:54:19;blast.ncbi.nlm.nih.gov
0483;24-3-2014T10:54:22;annotathon.org
0483;24-3-2014T10:54:26;blast.ncbi.nlm.nih.gov
0483;24-3-2014T10:54:27;annotathon.org
0483;24-3-2014T10:54:28;www.ncbi.nlm.nih.gov
0483;24-3-2014T10:54:28;blast.ncbi.nlm.nih.gov
0483;24-3-2014T10:54:29;blast.ncbi.nlm.nih.gov
0483;24-3-2014T10:54:30;blast.ncbi.nlm.nih.gov
0483;24-3-2014T10:54:30;www.ncbi.nlm.nih.gov
0483;24-3-2014T10:54:31;blast.ncbi.nlm.nih.gov
0483;24-3-2014T10:54:52;annotathon.org
0483;24-3-2014T10:54:57;annotathon.org
0483;24-3-2014T10:55:22;annotathon.org
0483;24-3-2014T10:55:27;annotathon.org
0483;24-3-2014T10:55:52;annotathon.org
0483;24-3-2014T10:55:57;annotathon.org
0483;24-3-2014T10:56:22;annotathon.org
0483;24-3-2014T10:56:28;annotathon.org
0483;24-3-2014T10:56:52;annotathon.org
0483;24-3-2014T10:56:58;annotathon.org
0483;24-3-2014T10:57:22;annotathon.org
0483;24-3-2014T10:57:28;annotathon.org
0483;24-3-2014T10:57:41;annotathon.org
0483;24-3-2014T10:57:41;annotathon.univ-mrs.fr
0483;24-3-2014T10:57:42;annotathon.org
0483;24-3-2014T10:57:52;annotathon.org
0483;24-3-2014T10:58:12;annotathon.org
0483;24-3-2014T10:58:22;annotathon.org
0483;24-3-2014T10:58:42;annotathon.org
0483;24-3-2014T10:58:52;annotathon.org
0483;24-3-2014T10:59:12;annotathon.org
0483;24-3-2014T10:59:22;annotathon.org
0483;24-3-2014T10:59:42;annotathon.org
0483;24-3-2014T10:59:52;annotathon.org
0483;24-3-2014T11:00:12;annotathon.org
0483;24-3-2014T11:00:22;annotathon.org
0483;24-3-2014T11:00:42;annotathon.org
0483;24-3-2014T11:00:52;annotathon.org
0483;24-3-2014T11:01:12;annotathon.org
0483;24-3-2014T11:01:15;annotathon.org
0483;24-3-2014T11:01:15;annotathon.univ-mrs.fr
0483;24-3-2014T11:01:22;annotathon.org
0483;24-3-2014T11:01:45;annotathon.org
0483;24-3-2014T11:01:52;annotathon.org
0483;24-3-2014T11:01:57;blast.ncbi.nlm.nih.gov
0483;24-3-2014T11:01:59;www.ncbi.nlm.nih.gov
0483;24-3-2014T11:02:00;www.ncbi.nlm.nih.gov
0483;24-3-2014T11:02:02;www.ncbi.nlm.nih.gov
0483;24-3-2014T11:02:15;annotathon.org
0483;24-3-2014T11:02:22;annotathon.org
0483;24-3-2014T11:02:26;www.ncbi.nlm.nih.gov
0483;24-3-2014T11:02:45;annotathon.org
0483;24-3-2014T11:02:52;annotathon.org
0483;24-3-2014T11:03:03;annotathon.org
0483;24-3-2014T11:03:04;annotathon.org
0483;24-3-2014T11:03:15;annotathon.org
0483;24-3-2014T11:03:17;annotathon.org
0483;24-3-2014T11:03:18;annotathon.org
0483;24-3-2014T11:03:22;annotathon.org
0483;24-3-2014T11:03:35;blast.ncbi.nlm.nih.gov
0483;24-3-2014T11:03:36;blast.ncbi.nlm.nih.gov
0483;24-3-2014T11:03:38;blast.ncbi.nlm.nih.gov
0483;24-3-2014T11:03:39;blast.ncbi.nlm.nih.gov
0483;24-3-2014T11:03:45;annotathon.org
0483;24-3-2014T11:03:52;annotathon.org
0483;24-3-2014T11:04:15;annotathon.org
0483;24-3-2014T11:04:22;annotathon.org
0483;24-3-2014T11:04:45;annotathon.org
0483;24-3-2014T11:04:52;annotathon.org
0483;24-3-2014T11:05:08;blast.ncbi.nlm.nih.gov
0483;24-3-2014T11:05:09;blast.ncbi.nlm.nih.gov
0483;24-3-2014T11:05:12;blast.ncbi.nlm.nih.gov
0483;24-3-2014T11:05:13;blast.ncbi.nlm.nih.gov
0483;24-3-2014T11:05:15;annotathon.org
0483;24-3-2014T11:05:22;annotathon.org
0483;24-3-2014T11:05:45;annotathon.org
0483;24-3-2014T11:05:52;annotathon.org
0483;24-3-2014T11:06:15;annotathon.org
0483;24-3-2014T11:06:22;annotathon.org
0483;24-3-2014T11:06:45;annotathon.org
0483;24-3-2014T11:06:52;annotathon.org
0483;24-3-2014T11:07:00;blast.ncbi.nlm.nih.gov
0483;24-3-2014T11:07:04;blast.ncbi.nlm.nih.gov
0483;24-3-2014T11:07:10;blast.ncbi.nlm.nih.gov
0483;24-3-2014T11:07:12;blast.ncbi.nlm.nih.gov
0483;24-3-2014T11:07:13;blast.ncbi.nlm.nih.gov
0483;24-3-2014T11:07:15;annotathon.org
0483;24-3-2014T11:07:22;annotathon.org
0483;24-3-2014T11:07:45;annotathon.org
0483;24-3-2014T11:07:52;annotathon.org
0483;24-3-2014T11:08:15;annotathon.org
0483;24-3-2014T11:08:22;annotathon.org
0483;24-3-2014T11:08:45;annotathon.org
0483;24-3-2014T11:08:52;annotathon.org
0483;24-3-2014T11:08:55;annotathon.org
0483;24-3-2014T11:08:55;annotathon.univ-mrs.fr
0483;24-3-2014T11:09:22;annotathon.org
0483;24-3-2014T11:09:25;annotathon.org
0483;24-3-2014T11:09:52;annotathon.org
0483;24-3-2014T11:09:55;annotathon.org
0483;24-3-2014T11:10:22;annotathon.org
0483;24-3-2014T11:10:25;annotathon.org
0483;24-3-2014T11:10:52;annotathon.org
0483;24-3-2014T11:10:55;annotathon.org
0483;24-3-2014T11:11:22;annotathon.org
0483;24-3-2014T11:11:25;annotathon.org
0483;24-3-2014T11:11:52;annotathon.org
0483;24-3-2014T11:11:55;annotathon.org
0483;24-3-2014T11:12:09;annotathon.org
0483;24-3-2014T11:12:09;annotathon.univ-mrs.fr
0483;24-3-2014T11:12:24;annotathon.org
0483;24-3-2014T11:12:39;annotathon.org
0483;24-3-2014T11:12:52;annotathon.org
0483;24-3-2014T11:13:09;annotathon.org
0483;24-3-2014T11:13:22;annotathon.org
0483;24-3-2014T11:13:39;annotathon.org
0483;24-3-2014T11:13:52;annotathon.org
0483;24-3-2014T11:14:09;annotathon.org
0483;24-3-2014T11:14:22;annotathon.org
0483;24-3-2014T11:14:39;annotathon.org
0483;24-3-2014T11:14:52;annotathon.org
0483;24-3-2014T11:15:09;annotathon.org
0483;24-3-2014T11:15:22;annotathon.org
0483;24-3-2014T11:15:39;annotathon.org
0483;24-3-2014T11:15:52;annotathon.org
0483;24-3-2014T11:16:09;annotathon.org
0483;24-3-2014T11:16:22;annotathon.org
0483;24-3-2014T11:16:39;annotathon.org
0483;24-3-2014T11:16:52;annotathon.org
0483;24-3-2014T11:17:09;annotathon.org
0483;24-3-2014T11:17:22;annotathon.org
0483;24-3-2014T11:17:39;annotathon.org
0483;24-3-2014T11:17:52;annotathon.org
0483;24-3-2014T11:18:09;annotathon.org
0483;24-3-2014T11:18:22;annotathon.org
0483;24-3-2014T11:18:33;blast.ncbi.nlm.nih.gov
0483;24-3-2014T11:18:34;www.ncbi.nlm.nih.gov
0483;24-3-2014T11:18:39;blast.ncbi.nlm.nih.gov
0483;24-3-2014T11:18:39;annotathon.org
0483;24-3-2014T11:18:43;blast.ncbi.nlm.nih.gov
0483;24-3-2014T11:18:44;blast.ncbi.nlm.nih.gov
0483;24-3-2014T11:18:47;blast.ncbi.nlm.nih.gov
0483;24-3-2014T11:18:51;blast.ncbi.nlm.nih.gov
0483;24-3-2014T11:18:52;annotathon.org
0483;24-3-2014T11:18:59;blast.ncbi.nlm.nih.gov
0483;24-3-2014T11:18:59;www.bing.com
0483;24-3-2014T11:19:00;www.bing.com
0483;24-3-2014T11:19:01;blast.ncbi.nlm.nih.gov
0483;24-3-2014T11:19:03;blast.ncbi.nlm.nih.gov
0483;24-3-2014T11:19:04;blast.ncbi.nlm.nih.gov
0483;24-3-2014T11:19:05;blast.ncbi.nlm.nih.gov
0483;24-3-2014T11:19:09;annotathon.org
0483;24-3-2014T11:19:22;annotathon.org
0483;24-3-2014T11:19:39;annotathon.org
0483;24-3-2014T11:19:41;blast.ncbi.nlm.nih.gov
0483;24-3-2014T11:19:42;blast.ncbi.nlm.nih.gov
0483;24-3-2014T11:19:43;blast.ncbi.nlm.nih.gov
0483;24-3-2014T11:19:45;blast.ncbi.nlm.nih.gov
0483;24-3-2014T11:19:46;blast.ncbi.nlm.nih.gov
0483;24-3-2014T11:19:48;blast.ncbi.nlm.nih.gov
0483;24-3-2014T11:19:52;annotathon.org
0483;24-3-2014T11:20:02;blast.ncbi.nlm.nih.gov
0483;24-3-2014T11:20:03;blast.ncbi.nlm.nih.gov
0483;24-3-2014T11:20:06;blast.ncbi.nlm.nih.gov
0483;24-3-2014T11:20:09;blast.ncbi.nlm.nih.gov
0483;24-3-2014T11:20:09;annotathon.org
0483;24-3-2014T11:20:10;www.ncbi.nlm.nih.gov
0483;24-3-2014T11:20:11;blast.ncbi.nlm.nih.gov
0483;24-3-2014T11:20:14;blast.ncbi.nlm.nih.gov
0483;24-3-2014T11:20:16;blast.ncbi.nlm.nih.gov
0483;24-3-2014T11:20:19;blast.ncbi.nlm.nih.gov
0483;24-3-2014T11:20:22;annotathon.org
0483;24-3-2014T11:20:26;blast.ncbi.nlm.nih.gov
0483;24-3-2014T11:20:39;blast.ncbi.nlm.nih.gov
0483;24-3-2014T11:20:39;annotathon.org
0483;24-3-2014T11:20:40;blast.ncbi.nlm.nih.gov
0483;24-3-2014T11:20:42;blast.ncbi.nlm.nih.gov
0483;24-3-2014T11:20:43;blast.ncbi.nlm.nih.gov
0483;24-3-2014T11:20:45;blast.ncbi.nlm.nih.gov
0483;24-3-2014T11:20:46;blast.ncbi.nlm.nih.gov
0483;24-3-2014T11:20:48;blast.ncbi.nlm.nih.gov
0483;24-3-2014T11:20:50;blast.ncbi.nlm.nih.gov
0483;24-3-2014T11:20:51;blast.ncbi.nlm.nih.gov
0483;24-3-2014T11:20:52;annotathon.org
0483;24-3-2014T11:20:53;blast.ncbi.nlm.nih.gov
0483;24-3-2014T11:20:54;blast.ncbi.nlm.nih.gov
0483;24-3-2014T11:20:56;blast.ncbi.nlm.nih.gov
0483;24-3-2014T11:20:58;blast.ncbi.nlm.nih.gov
0483;24-3-2014T11:21:00;blast.ncbi.nlm.nih.gov
0483;24-3-2014T11:21:09;annotathon.org
0483;24-3-2014T11:21:10;blast.ncbi.nlm.nih.gov
0483;24-3-2014T11:21:14;blast.ncbi.nlm.nih.gov
0483;24-3-2014T11:21:22;annotathon.org
0483;24-3-2014T11:21:40;annotathon.org
0483;24-3-2014T11:21:52;annotathon.org
0483;24-3-2014T11:21:56;blast.ncbi.nlm.nih.gov
0483;24-3-2014T11:22:09;blast.ncbi.nlm.nih.gov
0483;24-3-2014T11:22:10;annotathon.org
0483;24-3-2014T11:22:22;annotathon.org
0483;24-3-2014T11:22:26;blast.ncbi.nlm.nih.gov
0483;24-3-2014T11:22:39;blast.ncbi.nlm.nih.gov
0483;24-3-2014T11:22:40;annotathon.org
0483;24-3-2014T11:22:40;blast.ncbi.nlm.nih.gov
0483;24-3-2014T11:22:52;annotathon.org
0483;24-3-2014T11:22:53;blast.ncbi.nlm.nih.gov
0483;24-3-2014T11:22:54;blast.ncbi.nlm.nih.gov
0483;24-3-2014T11:23:04;blast.ncbi.nlm.nih.gov
0483;24-3-2014T11:23:10;annotathon.org
0483;24-3-2014T11:23:23;annotathon.org
0483;24-3-2014T11:23:40;annotathon.org
0483;24-3-2014T11:23:53;annotathon.org
0483;24-3-2014T11:24:10;annotathon.org
0483;24-3-2014T11:24:16;annotathon.org
0483;24-3-2014T11:24:16;annotathon.univ-mrs.fr
0483;24-3-2014T11:24:23;annotathon.org
0483;24-3-2014T11:24:46;annotathon.org
0483;24-3-2014T11:24:53;annotathon.org
0483;24-3-2014T11:25:16;annotathon.org
0483;24-3-2014T11:25:23;annotathon.org
0483;24-3-2014T11:25:29;blast.ncbi.nlm.nih.gov
0483;24-3-2014T11:25:46;annotathon.org
0483;24-3-2014T11:25:53;annotathon.org
0483;24-3-2014T11:26:16;annotathon.org
0483;24-3-2014T11:26:23;annotathon.org
0483;24-3-2014T11:26:28;blast.ncbi.nlm.nih.gov
0483;24-3-2014T11:26:37;blast.ncbi.nlm.nih.gov
0483;24-3-2014T11:26:45;blast.ncbi.nlm.nih.gov
0483;24-3-2014T11:26:46;annotathon.org
0483;24-3-2014T11:26:47;blast.ncbi.nlm.nih.gov
0483;24-3-2014T11:26:48;www.ncbi.nlm.nih.gov
0483;24-3-2014T11:26:50;blast.ncbi.nlm.nih.gov
0483;24-3-2014T11:26:53;annotathon.org
0483;24-3-2014T11:26:54;www.ncbi.nlm.nih.gov
0483;24-3-2014T11:27:06;blast.ncbi.nlm.nih.gov
0483;24-3-2014T11:27:06;www.ncbi.nlm.nih.gov
0483;24-3-2014T11:27:10;www.ncbi.nlm.nih.gov
0483;24-3-2014T11:27:16;annotathon.org
0483;24-3-2014T11:27:23;annotathon.org
0483;24-3-2014T11:27:46;annotathon.org
0483;24-3-2014T11:27:53;annotathon.org
0483;24-3-2014T11:28:02;blast.ncbi.nlm.nih.gov
0483;24-3-2014T11:28:03;www.ncbi.nlm.nih.gov
0483;24-3-2014T11:28:07;www.ncbi.nlm.nih.gov
0483;24-3-2014T11:28:14;blast.ncbi.nlm.nih.gov
0483;24-3-2014T11:28:14;www.ncbi.nlm.nih.gov
0483;24-3-2014T11:28:16;annotathon.org
0483;24-3-2014T11:28:18;www.ncbi.nlm.nih.gov
0483;24-3-2014T11:28:23;annotathon.org
0483;24-3-2014T11:28:46;annotathon.org
0483;24-3-2014T11:28:53;annotathon.org
0483;24-3-2014T11:28:59;blast.ncbi.nlm.nih.gov
0483;24-3-2014T11:28:59;www.ncbi.nlm.nih.gov
0483;24-3-2014T11:29:03;www.ncbi.nlm.nih.gov
0483;24-3-2014T11:29:16;www.ncbi.nlm.nih.gov
0483;24-3-2014T11:29:16;annotathon.org
0483;24-3-2014T11:29:16;static.pubmed.gov
0483;24-3-2014T11:29:17;www.ncbi.nlm.nih.gov
0483;24-3-2014T11:29:19;www.ncbi.nlm.nih.gov
0483;24-3-2014T11:29:23;annotathon.org
0483;24-3-2014T11:29:46;annotathon.org
0483;24-3-2014T11:29:53;annotathon.org
0483;24-3-2014T11:30:16;annotathon.org
0483;24-3-2014T11:30:22;blast.ncbi.nlm.nih.gov
0483;24-3-2014T11:30:23;www.ncbi.nlm.nih.gov
0483;24-3-2014T11:30:23;annotathon.org
0483;24-3-2014T11:30:24;blast.ncbi.nlm.nih.gov
0483;24-3-2014T11:30:33;blast.ncbi.nlm.nih.gov
0483;24-3-2014T11:30:35;blast.ncbi.nlm.nih.gov
0483;24-3-2014T11:30:36;blast.ncbi.nlm.nih.gov
0483;24-3-2014T11:30:44;blast.ncbi.nlm.nih.gov
0483;24-3-2014T11:30:47;annotathon.org
0483;24-3-2014T11:30:52;blast.ncbi.nlm.nih.gov
0483;24-3-2014T11:30:53;www.ncbi.nlm.nih.gov
0483;24-3-2014T11:30:53;annotathon.org
0483;24-3-2014T11:30:55;blast.ncbi.nlm.nih.gov
0483;24-3-2014T11:30:58;www.ncbi.nlm.nih.gov
0483;24-3-2014T11:31:16;annotathon.org
0483;24-3-2014T11:31:21;www.ncbi.nlm.nih.gov
0483;24-3-2014T11:31:22;www.ncbi.nlm.nih.gov
0483;24-3-2014T11:31:23;annotathon.org
0483;24-3-2014T11:31:24;www.ncbi.nlm.nih.gov
0483;24-3-2014T11:31:47;annotathon.org
0483;24-3-2014T11:31:53;annotathon.org
0483;24-3-2014T11:32:17;annotathon.org
0483;24-3-2014T11:32:23;annotathon.org
0483;24-3-2014T11:32:47;annotathon.org
0483;24-3-2014T11:32:48;www.ncbi.nlm.nih.gov
0483;24-3-2014T11:32:53;annotathon.org
0483;24-3-2014T11:33:17;annotathon.org
0483;24-3-2014T11:33:23;annotathon.org
0483;24-3-2014T11:33:30;www.ncbi.nlm.nih.gov
0483;24-3-2014T11:33:37;www.ncbi.nlm.nih.gov
0483;24-3-2014T11:33:38;www.ncbi.nlm.nih.gov
0483;24-3-2014T11:33:41;www.ncbi.nlm.nih.gov
0483;24-3-2014T11:33:47;annotathon.org
0483;24-3-2014T11:33:53;annotathon.org
0483;24-3-2014T11:34:17;annotathon.org
0483;24-3-2014T11:34:23;annotathon.org
0483;24-3-2014T11:34:23;www.ncbi.nlm.nih.gov
0483;24-3-2014T11:34:24;www.ncbi.nlm.nih.gov
0483;24-3-2014T11:34:26;www.ncbi.nlm.nih.gov
0483;24-3-2014T11:34:47;annotathon.org
0483;24-3-2014T11:34:51;www.ncbi.nlm.nih.gov
0483;24-3-2014T11:34:52;www.ncbi.nlm.nih.gov
0483;24-3-2014T11:34:52;static.pubmed.gov
0483;24-3-2014T11:34:53;www.ncbi.nlm.nih.gov
0483;24-3-2014T11:34:53;annotathon.org
0483;24-3-2014T11:34:54;www.ncbi.nlm.nih.gov
0483;24-3-2014T11:35:01;www.ncbi.nlm.nih.gov
0483;24-3-2014T11:35:02;www.ncbi.nlm.nih.gov
0483;24-3-2014T11:35:04;www.ncbi.nlm.nih.gov
0483;24-3-2014T11:35:17;annotathon.org
0483;24-3-2014T11:35:18;www.ncbi.nlm.nih.gov
0483;24-3-2014T11:35:23;annotathon.org
0483;24-3-2014T11:35:23;www.ncbi.nlm.nih.gov
0483;24-3-2014T11:35:24;www.ncbi.nlm.nih.gov
0483;24-3-2014T11:35:27;www.ncbi.nlm.nih.gov
0483;24-3-2014T11:35:32;www.ncbi.nlm.nih.gov
0483;24-3-2014T11:35:47;annotathon.org
0483;24-3-2014T11:35:53;annotathon.org
0483;24-3-2014T11:36:17;annotathon.org
0483;24-3-2014T11:36:23;annotathon.org
0483;24-3-2014T11:36:47;annotathon.org
0483;24-3-2014T11:36:53;annotathon.org
0483;24-3-2014T11:37:02;www.ncbi.nlm.nih.gov
0483;24-3-2014T11:37:17;annotathon.org
0483;24-3-2014T11:37:23;annotathon.org
0483;24-3-2014T11:37:47;annotathon.org
0483;24-3-2014T11:37:53;annotathon.org
0483;24-3-2014T11:38:01;office14client.microsoft.com
0483;24-3-2014T11:38:02;office.microsoft.com
0483;24-3-2014T11:38:03;office.microsoft.com
0483;24-3-2014T11:38:17;annotathon.org
0483;24-3-2014T11:38:23;annotathon.org
0483;24-3-2014T11:38:42;www.ncbi.nlm.nih.gov
0483;24-3-2014T11:38:43;www.ncbi.nlm.nih.gov
0483;24-3-2014T11:38:47;annotathon.org
0483;24-3-2014T11:38:53;annotathon.org
0483;24-3-2014T11:39:01;go.microsoft.com
0483;24-3-2014T11:39:01;shell.windows.com
0483;24-3-2014T11:39:02;shell.windows.com
0483;24-3-2014T11:39:03;shell.windows.com
0483;24-3-2014T11:39:17;annotathon.org
0483;24-3-2014T11:39:23;annotathon.org
0483;24-3-2014T11:39:28;www.ncbi.nlm.nih.gov
0483;24-3-2014T11:39:29;www.ncbi.nlm.nih.gov
0483;24-3-2014T11:39:31;www.ncbi.nlm.nih.gov
0483;24-3-2014T11:39:39;www.ncbi.nlm.nih.gov
0483;24-3-2014T11:39:42;www.ncbi.nlm.nih.gov
0483;24-3-2014T11:39:44;www.ncbi.nlm.nih.gov
0483;24-3-2014T11:39:47;annotathon.org
0483;24-3-2014T11:39:47;www.ncbi.nlm.nih.gov
0483;24-3-2014T11:39:52;www.ncbi.nlm.nih.gov
0483;24-3-2014T11:39:53;annotathon.org
0483;24-3-2014T11:40:17;annotathon.org
0483;24-3-2014T11:40:23;annotathon.org
0483;24-3-2014T11:40:25;www.ncbi.nlm.nih.gov
0483;24-3-2014T11:40:34;www.ncbi.nlm.nih.gov
0483;24-3-2014T11:40:35;www.ncbi.nlm.nih.gov
0483;24-3-2014T11:40:36;static.pubmed.gov
0483;24-3-2014T11:40:36;www.ncbi.nlm.nih.gov
0483;24-3-2014T11:40:37;www.ncbi.nlm.nih.gov
0483;24-3-2014T11:40:37;static.pubmed.gov
0483;24-3-2014T11:40:39;www.ncbi.nlm.nih.gov
0483;24-3-2014T11:40:40;www.ncbi.nlm.nih.gov
0483;24-3-2014T11:40:41;www.ncbi.nlm.nih.gov
0483;24-3-2014T11:40:43;www.ncbi.nlm.nih.gov
0483;24-3-2014T11:40:44;www.ncbi.nlm.nih.gov
0483;24-3-2014T11:40:45;www.ncbi.nlm.nih.gov
0483;24-3-2014T11:40:46;www.ncbi.nlm.nih.gov
0483;24-3-2014T11:40:47;annotathon.org
0483;24-3-2014T11:40:47;www.ncbi.nlm.nih.gov
0483;24-3-2014T11:40:48;www.ncbi.nlm.nih.gov
0483;24-3-2014T11:40:53;annotathon.org
0483;24-3-2014T11:40:53;www.ncbi.nlm.nih.gov
0483;24-3-2014T11:40:55;www.ncbi.nlm.nih.gov
0483;24-3-2014T11:40:56;www.ncbi.nlm.nih.gov
0483;24-3-2014T11:40:57;www.ncbi.nlm.nih.gov
0483;24-3-2014T11:40:58;www.ncbi.nlm.nih.gov
0483;24-3-2014T11:40:59;www.ncbi.nlm.nih.gov
0483;24-3-2014T11:41:02;www.ncbi.nlm.nih.gov
0483;24-3-2014T11:41:03;www.ncbi.nlm.nih.gov
0483;24-3-2014T11:41:05;www.ncbi.nlm.nih.gov
0483;24-3-2014T11:41:14;www.ncbi.nlm.nih.gov
0483;24-3-2014T11:41:15;www.ncbi.nlm.nih.gov
0483;24-3-2014T11:41:17;annotathon.org
0483;24-3-2014T11:41:23;annotathon.org
0483;24-3-2014T11:41:29;www.ncbi.nlm.nih.gov
0483;24-3-2014T11:41:33;www.ncbi.nlm.nih.gov
0483;24-3-2014T11:41:34;www.ncbi.nlm.nih.gov
0483;24-3-2014T11:41:35;www.ncbi.nlm.nih.gov
0483;24-3-2014T11:41:36;www.ncbi.nlm.nih.gov
0483;24-3-2014T11:41:37;www.ncbi.nlm.nih.gov
0483;24-3-2014T11:41:42;www.ncbi.nlm.nih.gov
0483;24-3-2014T11:41:43;www.ncbi.nlm.nih.gov
0483;24-3-2014T11:41:47;annotathon.org
0483;24-3-2014T11:41:47;www.ncbi.nlm.nih.gov
0483;24-3-2014T11:41:52;www.ncbi.nlm.nih.gov
0483;24-3-2014T11:41:53;annotathon.org
0483;24-3-2014T11:42:17;annotathon.org
0483;24-3-2014T11:42:23;annotathon.org
0483;24-3-2014T11:42:45;www.ncbi.nlm.nih.gov
0483;24-3-2014T11:42:46;www.ncbi.nlm.nih.gov
0483;24-3-2014T11:42:47;annotathon.org
0483;24-3-2014T11:42:47;www.ncbi.nlm.nih.gov
0483;24-3-2014T11:42:48;www.ncbi.nlm.nih.gov
0483;24-3-2014T11:42:49;www.ncbi.nlm.nih.gov
0483;24-3-2014T11:42:53;annotathon.org
0483;24-3-2014T11:42:54;www.ncbi.nlm.nih.gov
0483;24-3-2014T11:42:57;www.ncbi.nlm.nih.gov
0483;24-3-2014T11:42:58;www.ncbi.nlm.nih.gov
0483;24-3-2014T11:42:59;www.ncbi.nlm.nih.gov
0483;24-3-2014T11:43:02;www.ncbi.nlm.nih.gov
0483;24-3-2014T11:43:07;www.ncbi.nlm.nih.gov
0483;24-3-2014T11:43:08;www.ncbi.nlm.nih.gov
0483;24-3-2014T11:43:17;annotathon.org
0483;24-3-2014T11:43:23;annotathon.org
0483;24-3-2014T11:43:47;annotathon.org
0483;24-3-2014T11:43:53;annotathon.org
0483;24-3-2014T11:44:17;annotathon.org
0483;24-3-2014T11:44:23;annotathon.org
0483;24-3-2014T11:44:47;annotathon.org
0483;24-3-2014T11:44:53;annotathon.org
0483;24-3-2014T11:45:17;annotathon.org
0483;24-3-2014T11:45:23;annotathon.org
0483;24-3-2014T11:45:47;annotathon.org
0483;24-3-2014T11:45:53;annotathon.org
0483;24-3-2014T11:46:00;blast.ncbi.nlm.nih.gov
0483;24-3-2014T11:46:10;blast.ncbi.nlm.nih.gov
0483;24-3-2014T11:46:13;blast.ncbi.nlm.nih.gov
0483;24-3-2014T11:46:17;annotathon.org
0483;24-3-2014T11:46:22;blast.ncbi.nlm.nih.gov
0483;24-3-2014T11:46:23;annotathon.org
0483;24-3-2014T11:46:47;annotathon.org
0483;24-3-2014T11:46:48;www.ncbi.nlm.nih.gov
0483;24-3-2014T11:46:53;annotathon.org
0483;24-3-2014T11:47:17;annotathon.org
0483;24-3-2014T11:47:23;annotathon.org
0483;24-3-2014T11:47:47;annotathon.org
0483;24-3-2014T11:47:53;annotathon.org
0483;24-3-2014T11:48:17;annotathon.org
0483;24-3-2014T11:48:23;annotathon.org
0483;24-3-2014T11:48:47;annotathon.org
0483;24-3-2014T11:48:53;annotathon.org
0483;24-3-2014T11:49:17;annotathon.org
0483;24-3-2014T11:49:23;annotathon.org
0483;24-3-2014T11:49:47;annotathon.org
0483;24-3-2014T11:49:53;annotathon.org
0483;24-3-2014T11:50:17;annotathon.org
0483;24-3-2014T11:50:23;annotathon.org
0483;24-3-2014T11:50:47;annotathon.org
0483;24-3-2014T11:50:53;annotathon.org
0483;24-3-2014T11:51:17;annotathon.org
0483;24-3-2014T11:51:23;annotathon.org
0483;24-3-2014T11:51:47;annotathon.org
0483;24-3-2014T11:51:53;annotathon.org
0483;24-3-2014T11:52:17;annotathon.org
0483;24-3-2014T11:52:18;annotathon.org
0483;24-3-2014T11:52:18;annotathon.univ-mrs.fr
0483;24-3-2014T11:52:19;annotathon.org
0483;24-3-2014T11:52:23;annotathon.org
0483;24-3-2014T11:52:31;www.bing.com
0483;24-3-2014T11:52:32;www.bing.com
0483;24-3-2014T11:52:33;www.bing.com
0483;24-3-2014T11:52:33;blast.ncbi.nlm.nih.gov
0483;24-3-2014T11:52:34;blast.ncbi.nlm.nih.gov
0483;24-3-2014T11:52:35;blast.ncbi.nlm.nih.gov
0483;24-3-2014T11:52:36;blast.ncbi.nlm.nih.gov
0483;24-3-2014T11:52:37;blast.ncbi.nlm.nih.gov
0483;24-3-2014T11:52:38;blast.ncbi.nlm.nih.gov
0483;24-3-2014T11:52:49;annotathon.org
0483;24-3-2014T11:52:53;annotathon.org
0483;24-3-2014T11:52:55;blast.ncbi.nlm.nih.gov
0483;24-3-2014T11:52:58;blast.ncbi.nlm.nih.gov
0483;24-3-2014T11:53:00;blast.ncbi.nlm.nih.gov
0483;24-3-2014T11:53:01;www.ncbi.nlm.nih.gov
0483;24-3-2014T11:53:03;blast.ncbi.nlm.nih.gov
0483;24-3-2014T11:53:05;blast.ncbi.nlm.nih.gov
0483;24-3-2014T11:53:08;blast.ncbi.nlm.nih.gov
0483;24-3-2014T11:53:10;blast.ncbi.nlm.nih.gov
0483;24-3-2014T11:53:18;blast.ncbi.nlm.nih.gov
0483;24-3-2014T11:53:19;annotathon.org
0483;24-3-2014T11:53:23;annotathon.org
0483;24-3-2014T11:53:30;blast.ncbi.nlm.nih.gov
0483;24-3-2014T11:53:32;blast.ncbi.nlm.nih.gov
0483;24-3-2014T11:53:33;blast.ncbi.nlm.nih.gov
0483;24-3-2014T11:53:35;blast.ncbi.nlm.nih.gov
0483;24-3-2014T11:53:37;blast.ncbi.nlm.nih.gov
0483;24-3-2014T11:53:38;blast.ncbi.nlm.nih.gov
0483;24-3-2014T11:53:40;blast.ncbi.nlm.nih.gov
0483;24-3-2014T11:53:42;blast.ncbi.nlm.nih.gov
0483;24-3-2014T11:53:49;annotathon.org
0483;24-3-2014T11:53:53;annotathon.org
0483;24-3-2014T11:54:05;blast.ncbi.nlm.nih.gov
0483;24-3-2014T11:54:19;annotathon.org
0483;24-3-2014T11:54:23;annotathon.org
0483;24-3-2014T11:54:25;blast.ncbi.nlm.nih.gov
0483;24-3-2014T11:54:30;blast.ncbi.nlm.nih.gov
0483;24-3-2014T11:54:31;www.ncbi.nlm.nih.gov
0483;24-3-2014T11:54:33;www.ncbi.nlm.nih.gov
0483;24-3-2014T11:54:44;blast.ncbi.nlm.nih.gov
0483;24-3-2014T11:54:44;www.ncbi.nlm.nih.gov
0483;24-3-2014T11:54:46;www.ncbi.nlm.nih.gov
0483;24-3-2014T11:54:49;annotathon.org
0483;24-3-2014T11:54:53;annotathon.org
0483;24-3-2014T11:55:19;annotathon.org
0483;24-3-2014T11:55:24;annotathon.org
0483;24-3-2014T11:55:49;annotathon.org
0483;24-3-2014T11:55:54;annotathon.org
0483;24-3-2014T11:56:19;annotathon.org
0483;24-3-2014T11:56:24;annotathon.org
0483;24-3-2014T11:56:49;annotathon.org
0483;24-3-2014T11:56:54;annotathon.org
0483;24-3-2014T11:57:03;www.ncbi.nlm.nih.gov
0483;24-3-2014T11:57:03;blast.ncbi.nlm.nih.gov
0483;24-3-2014T11:57:05;www.ncbi.nlm.nih.gov
0483;24-3-2014T11:57:19;annotathon.org
0483;24-3-2014T11:57:24;annotathon.org
0483;24-3-2014T11:57:49;annotathon.org
0483;24-3-2014T11:57:54;annotathon.org
0483;24-3-2014T11:58:02;www.ncbi.nlm.nih.gov
0483;24-3-2014T11:58:09;www.ncbi.nlm.nih.gov
0483;24-3-2014T11:58:10;www.ncbi.nlm.nih.gov
0483;24-3-2014T11:58:11;www.ncbi.nlm.nih.gov
0483;24-3-2014T11:58:17;www.ncbi.nlm.nih.gov
0483;24-3-2014T11:58:18;www.ncbi.nlm.nih.gov
0483;24-3-2014T11:58:19;annotathon.org
0483;24-3-2014T11:58:24;annotathon.org
0483;24-3-2014T11:58:49;annotathon.org
0483;24-3-2014T11:58:54;annotathon.org
0483;24-3-2014T11:59:19;annotathon.org
0483;24-3-2014T11:59:24;annotathon.org
0483;24-3-2014T11:59:49;annotathon.org
0483;24-3-2014T11:59:55;annotathon.org
0483;24-3-2014T12:00:03;www.ncbi.nlm.nih.gov
0483;24-3-2014T12:00:06;www.ncbi.nlm.nih.gov
0483;24-3-2014T12:00:22;annotathon.org
0483;24-3-2014T12:00:25;annotathon.org
0483;24-3-2014T12:00:36;www.ncbi.nlm.nih.gov
0483;24-3-2014T12:00:39;www.ncbi.nlm.nih.gov
0483;24-3-2014T12:00:44;www.ncbi.nlm.nih.gov
0483;24-3-2014T12:00:52;annotathon.org
0483;24-3-2014T12:00:55;annotathon.org
0483;24-3-2014T12:01:01;www.ncbi.nlm.nih.gov
0483;24-3-2014T12:01:22;annotathon.org
0483;24-3-2014T12:01:25;annotathon.org
0483;24-3-2014T12:01:48;blast.ncbi.nlm.nih.gov
0483;24-3-2014T12:01:52;annotathon.org
0483;24-3-2014T12:01:55;blast.ncbi.nlm.nih.gov
0483;24-3-2014T12:01:55;annotathon.org
0483;24-3-2014T12:02:00;blast.ncbi.nlm.nih.gov
0483;24-3-2014T12:02:13;www.ncbi.nlm.nih.gov
0483;24-3-2014T12:02:22;annotathon.org
0483;24-3-2014T12:02:25;annotathon.org
0483;24-3-2014T12:02:52;annotathon.org
0483;24-3-2014T12:02:55;annotathon.org
0483;24-3-2014T12:03:22;annotathon.org
0483;24-3-2014T12:03:25;annotathon.org
0483;24-3-2014T12:03:52;annotathon.org
0483;24-3-2014T12:03:56;annotathon.org
0483;24-3-2014T12:03:58;www.ncbi.nlm.nih.gov
0483;24-3-2014T12:03:59;www.ncbi.nlm.nih.gov
0483;24-3-2014T12:04:00;www.ncbi.nlm.nih.gov
0483;24-3-2014T12:04:01;www.ncbi.nlm.nih.gov
0483;24-3-2014T12:04:03;www.ncbi.nlm.nih.gov
0483;24-3-2014T12:04:04;www.ncbi.nlm.nih.gov
0483;24-3-2014T12:04:08;www.ncbi.nlm.nih.gov
0483;24-3-2014T12:04:10;www.ncbi.nlm.nih.gov
0483;24-3-2014T12:04:22;annotathon.org
0483;24-3-2014T12:04:25;annotathon.org
0483;24-3-2014T12:04:28;blast.ncbi.nlm.nih.gov
0483;24-3-2014T12:04:52;annotathon.org
0483;24-3-2014T12:04:56;annotathon.org
0483;24-3-2014T12:05:22;annotathon.org
0483;24-3-2014T12:05:26;annotathon.org
0483;24-3-2014T12:05:52;annotathon.org
0483;24-3-2014T12:05:55;www.ncbi.nlm.nih.gov
0483;24-3-2014T12:05:57;annotathon.org
0483;24-3-2014T12:06:19;annotathon.org
0483;24-3-2014T12:06:24;annotathon.org
0483;24-3-2014T12:06:26;annotathon.org
0483;24-3-2014T12:06:26;annotathon.univ-mrs.fr
0483;24-3-2014T12:06:27;annotathon.org
0483;24-3-2014T12:06:57;annotathon.org
0483;24-3-2014T09:59:09;login.live.com
0483;24-3-2014T09:59:36;www.youtube.com
0483;24-3-2014T09:59:53;applicationform.grenoble-inp.fr
0483;24-3-2014T09:59:54;applicationform.grenoble-inp.fr
0483;24-3-2014T09:59:59;applicationform.grenoble-inp.fr
0483;24-3-2014T10:02:16;login.live.com
0483;24-3-2014T10:06:36;login.live.com
0483;24-3-2014T10:47:43;login.live.com
0483;24-3-2014T10:49:44;ssl.bing.com
0483;31-3-2014T10:06:34;api.bing.com
0483;31-3-2014T10:06:35;api.bing.com
0483;31-3-2014T10:06:36;api.bing.com
0483;31-3-2014T10:06:37;api.bing.com
0483;31-3-2014T10:06:38;api.bing.com
0483;31-3-2014T10:06:39;api.bing.com
0483;31-3-2014T10:06:40;api.bing.com
0483;31-3-2014T10:06:41;www.bing.com
0483;31-3-2014T10:06:42;www.bing.com
0483;31-3-2014T10:06:43;www.bing.com
0483;31-3-2014T10:06:43;cms.abmr.net
0483;31-3-2014T10:06:44;www.bing.com
0483;31-3-2014T10:06:47;www.bing.com
0483;31-3-2014T10:06:48;www.bing.com
0483;31-3-2014T10:06:48;windows.microsoft.com
0483;31-3-2014T10:06:48;res2.windows.microsoft.com
0483;31-3-2014T10:06:48;res1.windows.microsoft.com
0483;31-3-2014T10:06:48;js.microsoft.com
0483;31-3-2014T10:06:48;ajax.microsoft.com
0483;31-3-2014T10:06:49;res2.windows.microsoft.com
0483;31-3-2014T10:06:49;res1.windows.microsoft.com
0483;31-3-2014T10:06:49;www.facebook.com
0483;31-3-2014T10:06:49;windows.microsoft.com
0483;31-3-2014T10:06:50;res2.windows.microsoft.com
0483;31-3-2014T10:06:50;res1.windows.microsoft.com
0483;31-3-2014T10:06:50;js.microsoft.com
0483;31-3-2014T10:06:50;www.bing.com
0483;31-3-2014T10:06:51;www.bing.com
0483;31-3-2014T10:06:51;www.hotmail.com
0483;31-3-2014T10:06:56;api.bing.com
0483;31-3-2014T10:06:56;www.bing.com
0483;31-3-2014T10:06:57;api.bing.com
0483;31-3-2014T10:06:58;api.bing.com
0483;31-3-2014T10:06:59;api.bing.com
0483;31-3-2014T10:07:00;www.bing.com
0483;31-3-2014T10:07:01;www.bing.com
0483;31-3-2014T10:07:03;annotathon.org
0483;31-3-2014T10:07:08;www.bing.com
0483;31-3-2014T10:07:25;annotathon.org
0483;31-3-2014T10:07:26;annotathon.org
0483;31-3-2014T10:07:56;annotathon.org
0483;31-3-2014T10:08:26;annotathon.org
0483;31-3-2014T10:08:56;annotathon.org
0483;31-3-2014T10:09:26;annotathon.org
0483;31-3-2014T10:09:56;annotathon.org
0483;31-3-2014T10:10:26;annotathon.org
0483;31-3-2014T10:10:56;annotathon.org
0483;31-3-2014T10:11:08;annotathon.org
0483;31-3-2014T10:11:09;annotathon.org
0483;31-3-2014T10:11:10;annotathon.org
0483;31-3-2014T10:11:12;annotathon.org
0483;31-3-2014T10:11:26;annotathon.org
0483;31-3-2014T10:11:42;annotathon.org
0483;31-3-2014T10:11:56;annotathon.org
0483;31-3-2014T10:12:12;annotathon.org
0483;31-3-2014T10:12:26;annotathon.org
0483;31-3-2014T10:12:42;annotathon.org
0483;31-3-2014T10:12:56;annotathon.org
0483;31-3-2014T10:13:12;annotathon.org
0483;31-3-2014T10:13:26;annotathon.org
0483;31-3-2014T10:13:42;annotathon.org
0483;31-3-2014T10:13:56;annotathon.org
0483;31-3-2014T10:14:12;annotathon.org
0483;31-3-2014T10:14:26;annotathon.org
0483;31-3-2014T10:14:42;annotathon.org
0483;31-3-2014T10:14:56;annotathon.org
0483;31-3-2014T10:15:12;annotathon.org
0483;31-3-2014T10:15:26;annotathon.org
0483;31-3-2014T10:15:42;annotathon.org
0483;31-3-2014T10:15:56;annotathon.org
0483;31-3-2014T10:16:12;annotathon.org
0483;31-3-2014T10:16:26;annotathon.org
0483;31-3-2014T10:16:42;annotathon.org
0483;31-3-2014T10:16:56;annotathon.org
0483;31-3-2014T10:17:12;annotathon.org
0483;31-3-2014T10:17:26;annotathon.org
0483;31-3-2014T10:17:27;annotathon.org
0483;31-3-2014T10:17:28;annotathon.org
0483;31-3-2014T10:17:29;annotathon.univ-mrs.fr
0483;31-3-2014T10:17:29;annotathon.org
0483;31-3-2014T10:17:40;www.ncbi.nlm.nih.gov
0483;31-3-2014T10:17:42;annotathon.org
0483;31-3-2014T10:17:43;www.ncbi.nlm.nih.gov
0483;31-3-2014T10:17:44;www.ncbi.nlm.nih.gov
0483;31-3-2014T10:17:47;www.ncbi.nlm.nih.gov
0483;31-3-2014T10:17:47;blast.ncbi.nlm.nih.gov
0483;31-3-2014T10:17:48;blast.ncbi.nlm.nih.gov
0483;31-3-2014T10:17:51;blast.ncbi.nlm.nih.gov
0483;31-3-2014T10:17:52;blast.ncbi.nlm.nih.gov
0483;31-3-2014T10:17:53;blast.ncbi.nlm.nih.gov
0483;31-3-2014T10:17:55;blast.ncbi.nlm.nih.gov
0483;31-3-2014T10:17:56;blast.ncbi.nlm.nih.gov
0483;31-3-2014T10:17:57;blast.ncbi.nlm.nih.gov
0483;31-3-2014T10:17:58;blast.ncbi.nlm.nih.gov
0483;31-3-2014T10:17:59;annotathon.org
0483;31-3-2014T10:17:59;blast.ncbi.nlm.nih.gov
0483;31-3-2014T10:18:00;blast.ncbi.nlm.nih.gov
0483;31-3-2014T10:18:12;annotathon.org
0483;31-3-2014T10:18:14;blast.ncbi.nlm.nih.gov
0483;31-3-2014T10:18:18;blast.ncbi.nlm.nih.gov
0483;31-3-2014T10:18:20;blast.ncbi.nlm.nih.gov
0483;31-3-2014T10:18:22;www.ncbi.nlm.nih.gov
0483;31-3-2014T10:18:23;blast.ncbi.nlm.nih.gov
0483;31-3-2014T10:18:26;blast.ncbi.nlm.nih.gov
0483;31-3-2014T10:18:28;blast.ncbi.nlm.nih.gov
0483;31-3-2014T10:18:29;annotathon.org
0483;31-3-2014T10:18:31;blast.ncbi.nlm.nih.gov
0483;31-3-2014T10:18:34;blast.ncbi.nlm.nih.gov
0483;31-3-2014T10:18:42;annotathon.org
0483;31-3-2014T10:18:46;blast.ncbi.nlm.nih.gov
0483;31-3-2014T10:18:49;blast.ncbi.nlm.nih.gov
0483;31-3-2014T10:18:50;blast.ncbi.nlm.nih.gov
0483;31-3-2014T10:18:53;blast.ncbi.nlm.nih.gov
0483;31-3-2014T10:18:54;blast.ncbi.nlm.nih.gov
0483;31-3-2014T10:18:59;annotathon.org
0483;31-3-2014T10:18:59;blast.ncbi.nlm.nih.gov
0483;31-3-2014T10:19:00;blast.ncbi.nlm.nih.gov
0483;31-3-2014T10:19:02;blast.ncbi.nlm.nih.gov
0483;31-3-2014T10:19:12;annotathon.org
0483;31-3-2014T10:19:16;blast.ncbi.nlm.nih.gov
0483;31-3-2014T10:19:29;annotathon.org
0483;31-3-2014T10:19:42;annotathon.org
0483;31-3-2014T10:19:59;annotathon.org
0483;31-3-2014T10:20:12;annotathon.org
0483;31-3-2014T10:20:14;blast.ncbi.nlm.nih.gov
0483;31-3-2014T10:20:17;blast.ncbi.nlm.nih.gov
0483;31-3-2014T10:20:24;blast.ncbi.nlm.nih.gov
0483;31-3-2014T10:20:26;blast.ncbi.nlm.nih.gov
0483;31-3-2014T10:20:27;blast.ncbi.nlm.nih.gov
0483;31-3-2014T10:20:28;blast.ncbi.nlm.nih.gov
0483;31-3-2014T10:20:29;annotathon.org
0483;31-3-2014T10:20:42;blast.ncbi.nlm.nih.gov
0483;31-3-2014T10:20:42;annotathon.org
0483;31-3-2014T10:20:46;www.ncbi.nlm.nih.gov
0483;31-3-2014T10:20:46;blast.ncbi.nlm.nih.gov
0483;31-3-2014T10:20:48;www.ncbi.nlm.nih.gov
0483;31-3-2014T10:20:49;www.ncbi.nlm.nih.gov
0483;31-3-2014T10:20:50;www.ncbi.nlm.nih.gov
0483;31-3-2014T10:20:51;www.ncbi.nlm.nih.gov
0483;31-3-2014T10:20:53;www.ncbi.nlm.nih.gov
0483;31-3-2014T10:20:59;annotathon.org
0483;31-3-2014T10:21:02;www.ncbi.nlm.nih.gov
0483;31-3-2014T10:21:11;blast.ncbi.nlm.nih.gov
0483;31-3-2014T10:21:12;annotathon.org
0483;31-3-2014T10:21:15;blast.ncbi.nlm.nih.gov
0483;31-3-2014T10:21:16;blast.ncbi.nlm.nih.gov
0483;31-3-2014T10:21:20;www.ncbi.nlm.nih.gov
0483;31-3-2014T10:21:20;blast.ncbi.nlm.nih.gov
0483;31-3-2014T10:21:22;www.ncbi.nlm.nih.gov
0483;31-3-2014T10:21:23;www.ncbi.nlm.nih.gov
0483;31-3-2014T10:21:24;www.ncbi.nlm.nih.gov
0483;31-3-2014T10:21:25;www.ncbi.nlm.nih.gov
0483;31-3-2014T10:21:29;annotathon.org
0483;31-3-2014T10:21:42;annotathon.org
0483;31-3-2014T10:21:59;annotathon.org
0483;31-3-2014T10:22:12;annotathon.org
0483;31-3-2014T10:22:29;annotathon.org
0483;31-3-2014T10:22:31;www.ncbi.nlm.nih.gov
0483;31-3-2014T10:22:37;blast.ncbi.nlm.nih.gov
0483;31-3-2014T10:22:38;blast.ncbi.nlm.nih.gov
0483;31-3-2014T10:22:42;annotathon.org
0483;31-3-2014T10:22:59;annotathon.org
0483;31-3-2014T10:23:12;annotathon.org
0483;31-3-2014T10:23:29;annotathon.org
0483;31-3-2014T10:23:42;annotathon.org
0483;31-3-2014T10:23:59;annotathon.org
0483;31-3-2014T10:24:13;annotathon.org
0483;31-3-2014T10:24:22;blast.ncbi.nlm.nih.gov
0483;31-3-2014T10:24:25;blast.ncbi.nlm.nih.gov
0483;31-3-2014T10:24:29;annotathon.org
0483;31-3-2014T10:24:30;blast.ncbi.nlm.nih.gov
0483;31-3-2014T10:24:31;blast.ncbi.nlm.nih.gov
0483;31-3-2014T10:24:32;blast.ncbi.nlm.nih.gov
0483;31-3-2014T10:24:34;blast.ncbi.nlm.nih.gov
0483;31-3-2014T10:24:35;blast.ncbi.nlm.nih.gov
0483;31-3-2014T10:24:43;annotathon.org
0483;31-3-2014T10:24:50;blast.ncbi.nlm.nih.gov
0483;31-3-2014T10:24:50;www.ncbi.nlm.nih.gov
0483;31-3-2014T10:24:51;www.ncbi.nlm.nih.gov
0483;31-3-2014T10:24:52;www.ncbi.nlm.nih.gov
0483;31-3-2014T10:24:59;annotathon.org
0483;31-3-2014T10:25:03;www.ncbi.nlm.nih.gov
0483;31-3-2014T10:25:06;blast.ncbi.nlm.nih.gov
0483;31-3-2014T10:25:07;blast.ncbi.nlm.nih.gov
0483;31-3-2014T10:25:10;blast.ncbi.nlm.nih.gov
0483;31-3-2014T10:25:13;annotathon.org
0483;31-3-2014T10:25:13;blast.ncbi.nlm.nih.gov
0483;31-3-2014T10:25:13;www.ncbi.nlm.nih.gov
0483;31-3-2014T10:25:15;www.ncbi.nlm.nih.gov
0483;31-3-2014T10:25:17;www.ncbi.nlm.nih.gov
0483;31-3-2014T10:25:19;www.ncbi.nlm.nih.gov
0483;31-3-2014T10:25:27;www.ncbi.nlm.nih.gov
0483;31-3-2014T10:25:28;blast.ncbi.nlm.nih.gov
0483;31-3-2014T10:25:29;blast.ncbi.nlm.nih.gov
0483;31-3-2014T10:25:29;annotathon.org
0483;31-3-2014T10:25:31;blast.ncbi.nlm.nih.gov
0483;31-3-2014T10:25:32;blast.ncbi.nlm.nih.gov
0483;31-3-2014T10:25:43;annotathon.org
0483;31-3-2014T10:25:59;annotathon.org
0483;31-3-2014T10:26:13;annotathon.org
0483;31-3-2014T10:26:29;annotathon.org
0483;31-3-2014T10:26:43;annotathon.org
0483;31-3-2014T10:26:59;annotathon.org
0483;31-3-2014T10:27:13;annotathon.org
0483;31-3-2014T10:27:29;annotathon.org
0483;31-3-2014T10:27:43;annotathon.org
0483;31-3-2014T10:27:59;annotathon.org
0483;31-3-2014T10:28:13;annotathon.org
0483;31-3-2014T10:28:29;annotathon.org
0483;31-3-2014T10:28:43;annotathon.org
0483;31-3-2014T10:28:59;annotathon.org
0483;31-3-2014T10:29:08;blast.ncbi.nlm.nih.gov
0483;31-3-2014T10:29:09;blast.ncbi.nlm.nih.gov
0483;31-3-2014T10:29:10;blast.ncbi.nlm.nih.gov
0483;31-3-2014T10:29:10;www.ncbi.nlm.nih.gov
0483;31-3-2014T10:29:13;www.ncbi.nlm.nih.gov
0483;31-3-2014T10:29:13;annotathon.org
0483;31-3-2014T10:29:29;annotathon.org
0483;31-3-2014T10:29:43;annotathon.org
0483;31-3-2014T10:29:59;annotathon.org
0483;31-3-2014T10:30:13;annotathon.org
0483;31-3-2014T10:30:29;annotathon.org
0483;31-3-2014T10:30:43;annotathon.org
0483;31-3-2014T10:30:59;annotathon.org
0483;31-3-2014T10:31:13;annotathon.org
0483;31-3-2014T10:31:29;annotathon.org
0483;31-3-2014T10:31:43;annotathon.org
0483;31-3-2014T10:31:59;annotathon.org
0483;31-3-2014T10:32:13;annotathon.org
0483;31-3-2014T10:32:29;annotathon.org
0483;31-3-2014T10:32:43;annotathon.org
0483;31-3-2014T10:32:59;annotathon.org
0483;31-3-2014T10:33:13;annotathon.org
0483;31-3-2014T10:33:29;annotathon.org
0483;31-3-2014T10:33:43;annotathon.org
0483;31-3-2014T10:33:59;annotathon.org
0483;31-3-2014T10:34:13;annotathon.org
0483;31-3-2014T10:34:29;annotathon.org
0483;31-3-2014T10:34:43;annotathon.org
0483;31-3-2014T10:34:59;annotathon.org
0483;31-3-2014T10:35:13;annotathon.org
0483;31-3-2014T10:35:29;annotathon.org
0483;31-3-2014T10:35:43;annotathon.org
0483;31-3-2014T10:35:59;annotathon.org
0483;31-3-2014T10:36:13;annotathon.org
0483;31-3-2014T10:36:29;annotathon.org
0483;31-3-2014T10:36:43;annotathon.org
0483;31-3-2014T10:36:59;annotathon.org
0483;31-3-2014T10:37:13;annotathon.org
0483;31-3-2014T10:37:14;annotathon.org
0483;31-3-2014T10:37:14;annotathon.univ-mrs.fr
0483;31-3-2014T10:37:15;annotathon.org
0483;31-3-2014T10:37:43;annotathon.org
0483;31-3-2014T10:37:45;annotathon.org
0483;31-3-2014T10:37:50;www.ncbi.nlm.nih.gov
0483;31-3-2014T10:38:13;annotathon.org
0483;31-3-2014T10:38:15;annotathon.org
0483;31-3-2014T10:38:19;blast.ncbi.nlm.nih.gov
0483;31-3-2014T10:38:22;www.ncbi.nlm.nih.gov
0483;31-3-2014T10:38:23;www.ncbi.nlm.nih.gov
0483;31-3-2014T10:38:24;www.ncbi.nlm.nih.gov
0483;31-3-2014T10:38:25;www.ncbi.nlm.nih.gov
0483;31-3-2014T10:38:28;www.ncbi.nlm.nih.gov
0483;31-3-2014T10:38:43;annotathon.org
0483;31-3-2014T10:38:45;annotathon.org
0483;31-3-2014T10:39:13;annotathon.org
0483;31-3-2014T10:39:15;annotathon.org
0483;31-3-2014T10:39:45;annotathon.org
0483;31-3-2014T10:40:13;annotathon.org
0483;31-3-2014T10:40:15;annotathon.org
0483;31-3-2014T10:40:43;annotathon.org
0483;31-3-2014T10:40:45;annotathon.org
0483;31-3-2014T10:41:13;annotathon.org
0483;31-3-2014T10:41:15;annotathon.org
0483;31-3-2014T10:41:43;annotathon.org
0483;31-3-2014T10:41:45;annotathon.org
0483;31-3-2014T10:42:13;annotathon.org
0483;31-3-2014T10:42:15;annotathon.org
0483;31-3-2014T10:42:43;annotathon.org
0483;31-3-2014T10:42:45;annotathon.org
0483;31-3-2014T10:43:13;annotathon.org
0483;31-3-2014T10:43:15;annotathon.org
0483;31-3-2014T10:43:16;annotathon.org
0483;31-3-2014T10:43:17;annotathon.org
0483;31-3-2014T10:43:17;annotathon.univ-mrs.fr
0483;31-3-2014T10:43:28;www.ncbi.nlm.nih.gov
0483;31-3-2014T10:43:37;blast.ncbi.nlm.nih.gov
0483;31-3-2014T10:43:43;annotathon.org
0483;31-3-2014T10:43:47;annotathon.org
0483;31-3-2014T10:43:58;blast.ncbi.nlm.nih.gov
0483;31-3-2014T10:44:13;annotathon.org
0483;31-3-2014T10:44:17;annotathon.org
0483;31-3-2014T10:44:43;annotathon.org
0483;31-3-2014T10:44:47;annotathon.org
0483;31-3-2014T10:44:55;blast.ncbi.nlm.nih.gov
0483;31-3-2014T10:45:13;annotathon.org
0483;31-3-2014T10:45:17;annotathon.org
0483;31-3-2014T10:45:43;annotathon.org
0483;31-3-2014T10:45:47;annotathon.org
0483;31-3-2014T10:46:13;annotathon.org
0483;31-3-2014T10:46:17;annotathon.org
0483;31-3-2014T10:46:43;annotathon.org
0483;31-3-2014T10:46:47;annotathon.org
0483;31-3-2014T10:47:13;annotathon.org
0483;31-3-2014T10:47:17;annotathon.org
0483;31-3-2014T10:47:43;annotathon.org
0483;31-3-2014T10:47:45;blast.ncbi.nlm.nih.gov
0483;31-3-2014T10:47:47;annotathon.org
0483;31-3-2014T10:48:11;blast.ncbi.nlm.nih.gov
0483;31-3-2014T10:48:13;annotathon.org
0483;31-3-2014T10:48:17;annotathon.org
0483;31-3-2014T10:48:43;annotathon.org
0483;31-3-2014T10:48:47;annotathon.org
0483;31-3-2014T10:49:13;annotathon.org
0483;31-3-2014T10:49:18;annotathon.org
0483;31-3-2014T10:49:22;blast.ncbi.nlm.nih.gov
0483;31-3-2014T10:49:43;annotathon.org
0483;31-3-2014T10:49:48;annotathon.org
0483;31-3-2014T10:50:13;annotathon.org
0483;31-3-2014T10:50:18;annotathon.org
0483;31-3-2014T10:50:43;annotathon.org
0483;31-3-2014T10:50:48;annotathon.org
0483;31-3-2014T10:51:13;annotathon.org
0483;31-3-2014T10:51:18;annotathon.org
0483;31-3-2014T10:51:44;annotathon.org
0483;31-3-2014T10:51:46;blast.ncbi.nlm.nih.gov
0483;31-3-2014T10:51:48;annotathon.org
0483;31-3-2014T10:51:48;blast.ncbi.nlm.nih.gov
0483;31-3-2014T10:51:57;blast.ncbi.nlm.nih.gov
0483;31-3-2014T10:52:09;blast.ncbi.nlm.nih.gov
0483;31-3-2014T10:52:13;annotathon.org
0483;31-3-2014T10:52:18;annotathon.org
0483;31-3-2014T10:52:25;www.ncbi.nlm.nih.gov
0483;31-3-2014T10:52:25;blast.ncbi.nlm.nih.gov
0483;31-3-2014T10:52:26;www.ncbi.nlm.nih.gov
0483;31-3-2014T10:52:27;www.ncbi.nlm.nih.gov
0483;31-3-2014T10:52:29;www.ncbi.nlm.nih.gov
0483;31-3-2014T10:52:30;www.ncbi.nlm.nih.gov
0483;31-3-2014T10:52:33;www.ncbi.nlm.nih.gov
0483;31-3-2014T10:52:34;www.ncbi.nlm.nih.gov
0483;31-3-2014T10:52:38;www.ncbi.nlm.nih.gov
0483;31-3-2014T10:52:43;annotathon.org
0483;31-3-2014T10:52:48;annotathon.org
0483;31-3-2014T10:52:57;www.ncbi.nlm.nih.gov
0483;31-3-2014T10:52:59;www.ncbi.nlm.nih.gov
0483;31-3-2014T10:53:00;www.ncbi.nlm.nih.gov
0483;31-3-2014T10:53:13;annotathon.org
0483;31-3-2014T10:53:18;annotathon.org
0483;31-3-2014T10:53:20;static.pubmed.gov
0483;31-3-2014T10:53:43;annotathon.org
0483;31-3-2014T10:53:48;annotathon.org
0483;31-3-2014T10:54:13;annotathon.org
0483;31-3-2014T10:54:18;annotathon.org
0483;31-3-2014T10:54:43;annotathon.org
0483;31-3-2014T10:54:48;annotathon.org
0483;31-3-2014T10:55:13;annotathon.org
0483;31-3-2014T10:55:18;annotathon.org
0483;31-3-2014T10:55:43;annotathon.org
0483;31-3-2014T10:55:48;annotathon.org
0483;31-3-2014T10:56:13;annotathon.org
0483;31-3-2014T10:56:18;annotathon.org
0483;31-3-2014T10:56:43;annotathon.org
0483;31-3-2014T10:56:48;annotathon.org
0483;31-3-2014T10:57:13;annotathon.org
0483;31-3-2014T10:57:18;annotathon.org
0483;31-3-2014T10:57:43;annotathon.org
0483;31-3-2014T10:57:48;annotathon.org
0483;31-3-2014T10:58:13;annotathon.org
0483;31-3-2014T10:58:18;annotathon.org
0483;31-3-2014T10:58:43;annotathon.org
0483;31-3-2014T10:58:48;annotathon.org
0483;31-3-2014T10:59:13;annotathon.org
0483;31-3-2014T10:59:14;blast.ncbi.nlm.nih.gov
0483;31-3-2014T10:59:16;blast.ncbi.nlm.nih.gov
0483;31-3-2014T10:59:18;annotathon.org
0483;31-3-2014T10:59:20;blast.ncbi.nlm.nih.gov
0483;31-3-2014T10:59:21;blast.ncbi.nlm.nih.gov
0483;31-3-2014T10:59:22;blast.ncbi.nlm.nih.gov
0483;31-3-2014T10:59:23;blast.ncbi.nlm.nih.gov
0483;31-3-2014T10:59:25;blast.ncbi.nlm.nih.gov
0483;31-3-2014T10:59:44;annotathon.org
0483;31-3-2014T10:59:48;annotathon.org
0483;31-3-2014T11:00:14;annotathon.org
0483;31-3-2014T11:00:18;annotathon.org
0483;31-3-2014T11:00:44;annotathon.org
0483;31-3-2014T11:00:48;annotathon.org
0483;31-3-2014T11:00:57;blast.ncbi.nlm.nih.gov
0483;31-3-2014T11:00:57;www.ncbi.nlm.nih.gov
0483;31-3-2014T11:00:58;www.ncbi.nlm.nih.gov
0483;31-3-2014T11:00:58;static.pubmed.gov
0483;31-3-2014T11:00:59;www.ncbi.nlm.nih.gov
0483;31-3-2014T11:00:59;static.pubmed.gov
0483;31-3-2014T11:00:59;blast.ncbi.nlm.nih.gov
0483;31-3-2014T11:01:02;www.ncbi.nlm.nih.gov
0483;31-3-2014T11:01:06;www.ncbi.nlm.nih.gov
0483;31-3-2014T11:01:07;www.ncbi.nlm.nih.gov
0483;31-3-2014T11:01:14;annotathon.org
0483;31-3-2014T11:01:15;www.ncbi.nlm.nih.gov
0483;31-3-2014T11:01:18;annotathon.org
0483;31-3-2014T11:01:21;img.jgi.doe.gov
0483;31-3-2014T11:01:22;img.jgi.doe.gov
0483;31-3-2014T11:01:24;img.jgi.doe.gov
0483;31-3-2014T11:01:25;img.jgi.doe.gov
0483;31-3-2014T11:01:29;www.ncbi.nlm.nih.gov
0483;31-3-2014T11:01:30;www.ncbi.nlm.nih.gov
0483;31-3-2014T11:01:31;www.ncbi.nlm.nih.gov
0483;31-3-2014T11:01:41;www.ncbi.nlm.nih.gov
0483;31-3-2014T11:01:42;www.ncbi.nlm.nih.gov
0483;31-3-2014T11:01:43;www.ncbi.nlm.nih.gov
0483;31-3-2014T11:01:43;img.jgi.doe.gov
0483;31-3-2014T11:01:44;www.ncbi.nlm.nih.gov
0483;31-3-2014T11:01:44;annotathon.org
0483;31-3-2014T11:01:45;www.ncbi.nlm.nih.gov
0483;31-3-2014T11:01:46;www.ncbi.nlm.nih.gov
0483;31-3-2014T11:01:48;annotathon.org
0483;31-3-2014T11:01:49;img.jgi.doe.gov
0483;31-3-2014T11:01:50;blast.ncbi.nlm.nih.gov
0483;31-3-2014T11:01:51;www.ncbi.nlm.nih.gov
0483;31-3-2014T11:01:52;www.ncbi.nlm.nih.gov
0483;31-3-2014T11:01:54;www.ncbi.nlm.nih.gov
0483;31-3-2014T11:01:55;www.ncbi.nlm.nih.gov
0483;31-3-2014T11:02:14;annotathon.org
0483;31-3-2014T11:02:18;annotathon.org
0483;31-3-2014T11:02:44;annotathon.org
0483;31-3-2014T11:02:48;annotathon.org
0483;31-3-2014T11:03:14;annotathon.org
0483;31-3-2014T11:03:18;annotathon.org
0483;31-3-2014T11:03:44;annotathon.org
0483;31-3-2014T11:03:48;annotathon.org
0483;31-3-2014T11:04:14;annotathon.org
0483;31-3-2014T11:04:18;annotathon.org
0483;31-3-2014T11:04:44;annotathon.org
0483;31-3-2014T11:04:48;annotathon.org
0483;31-3-2014T11:05:14;annotathon.org
0483;31-3-2014T11:05:18;annotathon.org
0483;31-3-2014T11:05:44;annotathon.org
0483;31-3-2014T11:05:48;annotathon.org
0483;31-3-2014T11:06:14;annotathon.org
0483;31-3-2014T11:06:18;annotathon.org
0483;31-3-2014T11:06:44;annotathon.org
0483;31-3-2014T11:06:48;annotathon.org
0483;31-3-2014T11:07:14;annotathon.org
0483;31-3-2014T11:07:18;annotathon.org
0483;31-3-2014T11:07:28;annotathon.org
0483;31-3-2014T11:07:28;annotathon.univ-mrs.fr
0483;31-3-2014T11:07:44;annotathon.org
0483;31-3-2014T11:07:58;annotathon.org
0483;31-3-2014T11:08:14;annotathon.org
0483;31-3-2014T11:08:28;annotathon.org
0483;31-3-2014T11:08:35;blast.ncbi.nlm.nih.gov
0483;31-3-2014T11:08:44;annotathon.org
0483;31-3-2014T11:08:55;blast.ncbi.nlm.nih.gov
0483;31-3-2014T11:08:58;annotathon.org
0483;31-3-2014T11:09:14;annotathon.org
0483;31-3-2014T11:09:18;blast.ncbi.nlm.nih.gov
0483;31-3-2014T11:09:28;annotathon.org
0483;31-3-2014T11:09:44;annotathon.org
0483;31-3-2014T11:09:54;blast.ncbi.nlm.nih.gov
0483;31-3-2014T11:09:58;annotathon.org
0483;31-3-2014T11:10:14;annotathon.org
0483;31-3-2014T11:10:18;blast.ncbi.nlm.nih.gov
0483;31-3-2014T11:10:28;annotathon.org
0483;31-3-2014T11:10:36;blast.ncbi.nlm.nih.gov
0483;31-3-2014T11:10:44;annotathon.org
0483;31-3-2014T11:10:58;annotathon.org
0483;31-3-2014T11:11:14;annotathon.org
0483;31-3-2014T11:11:21;blast.ncbi.nlm.nih.gov
0483;31-3-2014T11:11:30;annotathon.org
0483;31-3-2014T11:11:40;blast.ncbi.nlm.nih.gov
0483;31-3-2014T11:11:40;www.ncbi.nlm.nih.gov
0483;31-3-2014T11:11:41;www.ncbi.nlm.nih.gov
0483;31-3-2014T11:11:43;www.ncbi.nlm.nih.gov
0483;31-3-2014T11:11:44;www.ncbi.nlm.nih.gov
0483;31-3-2014T11:11:45;annotathon.org
0483;31-3-2014T11:11:46;www.ncbi.nlm.nih.gov
0483;31-3-2014T11:11:47;www.ncbi.nlm.nih.gov
0483;31-3-2014T11:11:59;annotathon.org
0483;31-3-2014T11:12:15;annotathon.org
0483;31-3-2014T11:12:29;annotathon.org
0483;31-3-2014T11:12:45;annotathon.org
0483;31-3-2014T11:12:59;annotathon.org
0483;31-3-2014T11:13:15;annotathon.org
0483;31-3-2014T11:13:29;annotathon.org
0483;31-3-2014T11:13:36;www.ncbi.nlm.nih.gov
0483;31-3-2014T11:13:41;www.ncbi.nlm.nih.gov
0483;31-3-2014T11:13:45;annotathon.org
0483;31-3-2014T11:13:59;annotathon.org
0483;31-3-2014T11:14:15;annotathon.org
0483;31-3-2014T11:14:29;annotathon.org
0483;31-3-2014T11:14:45;annotathon.org
0483;31-3-2014T11:14:59;annotathon.org
0483;31-3-2014T11:15:15;annotathon.org
0483;31-3-2014T11:15:29;annotathon.org
0483;31-3-2014T11:15:45;annotathon.org
0483;31-3-2014T11:15:59;annotathon.org
0483;31-3-2014T11:16:15;annotathon.org
0483;31-3-2014T11:16:29;annotathon.org
0483;31-3-2014T11:16:45;annotathon.org
0483;31-3-2014T11:16:59;annotathon.org
0483;31-3-2014T11:17:15;annotathon.org
0483;31-3-2014T11:17:15;blast.ncbi.nlm.nih.gov
0483;31-3-2014T11:17:29;annotathon.org
0483;31-3-2014T11:17:45;annotathon.org
0483;31-3-2014T11:17:54;blast.ncbi.nlm.nih.gov
0483;31-3-2014T11:17:55;blast.ncbi.nlm.nih.gov
0483;31-3-2014T11:17:58;blast.ncbi.nlm.nih.gov
0483;31-3-2014T11:17:59;blast.ncbi.nlm.nih.gov
0483;31-3-2014T11:17:59;annotathon.org
0483;31-3-2014T11:18:01;blast.ncbi.nlm.nih.gov
0483;31-3-2014T11:18:25;blast.ncbi.nlm.nih.gov
0483;31-3-2014T11:18:25;www.ncbi.nlm.nih.gov
0483;31-3-2014T11:18:26;www.ncbi.nlm.nih.gov
0483;31-3-2014T11:18:28;www.ncbi.nlm.nih.gov
0483;31-3-2014T11:18:29;blast.ncbi.nlm.nih.gov
0483;31-3-2014T11:18:29;annotathon.org
0483;31-3-2014T11:18:31;blast.ncbi.nlm.nih.gov
0483;31-3-2014T11:18:33;blast.ncbi.nlm.nih.gov
0483;31-3-2014T11:18:38;annotathon.org
0483;31-3-2014T11:18:45;annotathon.org
0483;31-3-2014T11:18:59;annotathon.org
0483;31-3-2014T11:19:15;annotathon.org
0483;31-3-2014T11:19:29;annotathon.org
0483;31-3-2014T11:19:45;annotathon.org
0483;31-3-2014T11:19:59;annotathon.org
0483;31-3-2014T11:20:15;annotathon.org
0483;31-3-2014T11:20:30;annotathon.org
0483;31-3-2014T11:20:45;annotathon.org
0483;31-3-2014T11:20:59;annotathon.org
0483;31-3-2014T11:21:15;annotathon.org
0483;31-3-2014T11:21:29;annotathon.org
0483;31-3-2014T11:21:45;annotathon.org
0483;31-3-2014T11:21:59;annotathon.org
0483;31-3-2014T11:22:00;annotathon.org
0483;31-3-2014T11:22:00;annotathon.univ-mrs.fr
0483;31-3-2014T11:22:07;blast.ncbi.nlm.nih.gov
0483;31-3-2014T11:22:15;annotathon.org
0483;31-3-2014T11:22:30;annotathon.org
0483;31-3-2014T11:22:33;blast.ncbi.nlm.nih.gov
0483;31-3-2014T11:22:45;annotathon.org
0483;31-3-2014T11:22:59;blast.ncbi.nlm.nih.gov
0483;31-3-2014T11:23:00;annotathon.org
0483;31-3-2014T11:23:08;blast.ncbi.nlm.nih.gov
0483;31-3-2014T11:23:08;www.ncbi.nlm.nih.gov
0483;31-3-2014T11:23:09;blast.ncbi.nlm.nih.gov
0483;31-3-2014T11:23:09;www.ncbi.nlm.nih.gov
0483;31-3-2014T11:23:10;www.ncbi.nlm.nih.gov
0483;31-3-2014T11:23:11;www.ncbi.nlm.nih.gov
0483;31-3-2014T11:23:13;www.ncbi.nlm.nih.gov
0483;31-3-2014T11:23:15;annotathon.org
0483;31-3-2014T11:23:30;annotathon.org
0483;31-3-2014T11:23:36;www.ncbi.nlm.nih.gov
0483;31-3-2014T11:23:43;www.ncbi.nlm.nih.gov
0483;31-3-2014T11:23:45;annotathon.org
0483;31-3-2014T11:23:47;www.ncbi.nlm.nih.gov
0483;31-3-2014T11:24:00;annotathon.org
0483;31-3-2014T11:24:15;annotathon.org
0483;31-3-2014T11:24:30;annotathon.org
0483;31-3-2014T11:24:45;annotathon.org
0483;31-3-2014T11:25:00;annotathon.org
0483;31-3-2014T11:25:15;annotathon.org
0483;31-3-2014T11:25:30;annotathon.org
0483;31-3-2014T11:25:45;annotathon.org
0483;31-3-2014T11:26:00;annotathon.org
0483;31-3-2014T11:26:30;annotathon.org
0483;31-3-2014T11:26:58;annotathon.org
0483;31-3-2014T11:26:59;annotathon.org
0483;31-3-2014T11:27:00;www.phylogeny.fr
0483;31-3-2014T11:27:00;annotathon.org
0483;31-3-2014T11:27:01;www.phylogeny.fr
0483;31-3-2014T11:27:07;www.phylogeny.fr
0483;31-3-2014T11:27:08;www.phylogeny.fr
0483;31-3-2014T11:27:13;www.phylogeny.fr
0483;31-3-2014T11:27:20;www.phylogeny.fr
0483;31-3-2014T11:27:23;www.phylogeny.fr
0483;31-3-2014T11:27:30;annotathon.org
0483;31-3-2014T11:27:34;www.phylogeny.fr
0483;31-3-2014T11:27:38;www.phylogeny.fr
0483;31-3-2014T11:28:00;annotathon.org
0483;31-3-2014T11:28:30;annotathon.org
0483;31-3-2014T11:29:00;annotathon.org
0483;31-3-2014T11:29:31;annotathon.org
0483;31-3-2014T11:30:01;annotathon.org
0483;31-3-2014T11:30:05;www.phylogeny.fr
0483;31-3-2014T11:30:31;annotathon.org
0483;31-3-2014T11:31:00;www.phylogeny.fr
0483;31-3-2014T11:31:01;annotathon.org
0483;31-3-2014T11:31:04;www.phylogeny.fr
0483;31-3-2014T11:31:05;www.phylogeny.fr
0483;31-3-2014T11:31:25;www.phylogeny.fr
0483;31-3-2014T11:31:29;www.phylogeny.fr
0483;31-3-2014T11:31:31;annotathon.org
0483;31-3-2014T11:32:01;annotathon.org
0483;31-3-2014T11:32:31;annotathon.org
0483;31-3-2014T11:33:01;annotathon.org
0483;31-3-2014T11:33:31;annotathon.org
0483;31-3-2014T11:34:01;annotathon.org
0483;31-3-2014T11:34:23;www.phylogeny.fr
0483;31-3-2014T11:34:24;www.phylogeny.fr
0483;31-3-2014T11:34:31;annotathon.org
0483;31-3-2014T11:34:34;www.phylogeny.fr
0483;31-3-2014T11:34:44;www.phylogeny.fr
0483;31-3-2014T11:35:01;annotathon.org
0483;31-3-2014T11:35:31;annotathon.org
0483;31-3-2014T11:36:01;annotathon.org
0483;31-3-2014T11:36:31;annotathon.org
0483;31-3-2014T11:37:01;annotathon.org
0483;31-3-2014T11:37:25;www.phylogeny.fr
0483;31-3-2014T11:37:30;www.phylogeny.fr
0483;31-3-2014T11:37:31;annotathon.org
0483;31-3-2014T11:37:35;www.phylogeny.fr
0483;31-3-2014T11:37:36;www.phylogeny.fr
0483;31-3-2014T11:37:37;www.phylogeny.fr
0483;31-3-2014T11:37:38;www.phylogeny.fr
0483;31-3-2014T11:37:39;www.phylogeny.fr
0483;31-3-2014T11:38:01;annotathon.org
0483;31-3-2014T11:38:12;annotathon.org
0483;31-3-2014T11:38:12;annotathon.univ-mrs.fr
0483;31-3-2014T11:38:17;annotathon.org
0483;31-3-2014T11:38:18;annotathon.org
0483;31-3-2014T11:38:42;annotathon.org
0483;31-3-2014T11:38:47;annotathon.org
0483;31-3-2014T11:39:12;annotathon.org
0483;31-3-2014T11:39:17;annotathon.org
0483;31-3-2014T11:39:43;annotathon.org
0483;31-3-2014T11:39:48;annotathon.org
0483;31-3-2014T11:40:12;annotathon.org
0483;31-3-2014T11:40:18;annotathon.org
0483;31-3-2014T11:40:42;annotathon.org
0483;31-3-2014T11:40:48;annotathon.org
0483;31-3-2014T11:41:13;annotathon.org
0483;31-3-2014T11:41:18;annotathon.org
0483;31-3-2014T11:41:43;annotathon.org
0483;31-3-2014T11:41:48;annotathon.org
0483;31-3-2014T11:42:01;www.phylogeny.fr
0483;31-3-2014T11:42:02;www.phylogeny.fr
0483;31-3-2014T11:42:13;annotathon.org
0483;31-3-2014T11:42:18;annotathon.org
0483;31-3-2014T11:42:43;annotathon.org
0483;31-3-2014T11:42:48;annotathon.org
0483;31-3-2014T11:42:58;www.phylogeny.fr
0483;31-3-2014T11:43:09;www.phylogeny.fr
0483;31-3-2014T11:43:12;www.phylogeny.fr
0483;31-3-2014T11:43:13;annotathon.org
0483;31-3-2014T11:43:14;www.phylogeny.fr
0483;31-3-2014T11:43:18;annotathon.org
0483;31-3-2014T11:43:43;annotathon.org
0483;31-3-2014T11:43:48;annotathon.org
0483;31-3-2014T11:44:13;annotathon.org
0483;31-3-2014T11:44:18;annotathon.org
0483;31-3-2014T11:44:43;annotathon.org
0483;31-3-2014T11:44:48;annotathon.org
0483;31-3-2014T11:45:09;annotathon.org
0483;31-3-2014T11:45:09;annotathon.univ-mrs.fr
0483;31-3-2014T11:45:18;annotathon.org
0483;31-3-2014T11:45:39;annotathon.org
0483;31-3-2014T11:45:48;annotathon.org
0483;31-3-2014T11:46:09;annotathon.org
0483;31-3-2014T11:46:18;annotathon.org
0483;31-3-2014T11:46:34;dub129.mail.live.com
0483;31-3-2014T11:46:34;g.live.com
0483;31-3-2014T11:46:40;annotathon.org
0483;31-3-2014T11:46:48;annotathon.org
0483;31-3-2014T11:47:10;annotathon.org
0483;31-3-2014T11:47:17;annotathon.org
0483;31-3-2014T11:47:17;annotathon.univ-mrs.fr
0483;31-3-2014T11:47:18;annotathon.org
0483;31-3-2014T11:47:23;annotathon.org
0483;31-3-2014T11:47:23;annotathon.univ-mrs.fr
0483;31-3-2014T11:47:26;annotathon.org
0483;31-3-2014T11:47:26;annotathon.univ-mrs.fr
0483;31-3-2014T11:47:36;annotathon.org
0483;31-3-2014T11:47:36;annotathon.univ-mrs.fr
0483;31-3-2014T11:47:48;annotathon.org
0483;31-3-2014T11:48:06;annotathon.org
0483;31-3-2014T11:48:18;annotathon.org
0483;31-3-2014T11:48:36;annotathon.org
0483;31-3-2014T11:48:48;annotathon.org
0483;31-3-2014T11:49:06;annotathon.org
0483;31-3-2014T11:49:18;annotathon.org
0483;31-3-2014T11:49:36;annotathon.org
0483;31-3-2014T11:49:48;annotathon.org
0483;31-3-2014T11:50:06;annotathon.org
0483;31-3-2014T11:50:11;www.phylogeny.fr
0483;31-3-2014T11:50:18;annotathon.org
0483;31-3-2014T11:50:31;www.phylogeny.fr
0483;31-3-2014T11:50:36;annotathon.org
0483;31-3-2014T11:50:37;www.phylogeny.fr
0483;31-3-2014T11:50:43;www.phylogeny.fr
0483;31-3-2014T11:50:44;www.phylogeny.fr
0483;31-3-2014T11:50:48;annotathon.org
0483;31-3-2014T11:51:06;annotathon.org
0483;31-3-2014T11:51:08;www.phylogeny.fr
0483;31-3-2014T11:51:18;annotathon.org
0483;31-3-2014T11:51:36;annotathon.org
0483;31-3-2014T11:51:37;www.phylogeny.fr
0483;31-3-2014T11:51:48;annotathon.org
0483;31-3-2014T11:52:06;annotathon.org
0483;31-3-2014T11:52:18;annotathon.org
0483;31-3-2014T11:52:36;annotathon.org
0483;31-3-2014T11:52:48;annotathon.org
0483;31-3-2014T11:53:05;www.phylogeny.fr
0483;31-3-2014T11:53:06;annotathon.org
0483;31-3-2014T11:53:18;annotathon.org
0483;31-3-2014T11:53:25;www.phylogeny.fr
0483;31-3-2014T11:53:26;www.phylogeny.fr
0483;31-3-2014T11:53:37;annotathon.org
0483;31-3-2014T11:53:48;annotathon.org
0483;31-3-2014T11:53:48;api.bing.com
0483;31-3-2014T11:53:49;api.bing.com
0483;31-3-2014T11:53:50;api.bing.com
0483;31-3-2014T11:53:51;www.bing.com
0483;31-3-2014T11:53:52;www.bing.com
0483;31-3-2014T11:53:53;www.bing.com
0483;31-3-2014T11:53:54;www.bing.com
0483;31-3-2014T11:53:56;www.bing.com
0483;31-3-2014T11:54:01;www.bing.com
0483;31-3-2014T11:54:06;annotathon.org
0483;31-3-2014T11:54:09;www.phylogeny.fr
0483;31-3-2014T11:54:15;www.phylogeny.fr
0483;31-3-2014T11:54:18;www.phylogeny.fr
0483;31-3-2014T11:54:20;www.phylogeny.fr
0483;31-3-2014T11:54:22;www.phylogeny.fr
0483;31-3-2014T11:54:25;www.phylogeny.fr
0483;31-3-2014T11:54:27;www.phylogeny.fr
0483;31-3-2014T11:54:30;www.phylogeny.fr
0483;31-3-2014T11:54:32;www.phylogeny.fr
0483;31-3-2014T11:54:35;www.phylogeny.fr
0483;31-3-2014T11:54:36;annotathon.org
0483;31-3-2014T11:54:37;www.phylogeny.fr
0483;31-3-2014T11:54:39;annotathon.org
0483;31-3-2014T11:54:39;www.phylogeny.fr
0483;31-3-2014T11:54:39;annotathon.univ-mrs.fr
0483;31-3-2014T11:54:40;annotathon.org
0483;31-3-2014T11:54:42;www.phylogeny.fr
0483;31-3-2014T11:54:44;www.phylogeny.fr
0483;31-3-2014T11:54:46;www.phylogeny.fr
0483;31-3-2014T11:54:49;www.phylogeny.fr
0483;31-3-2014T11:54:51;www.phylogeny.fr
0483;31-3-2014T11:54:54;www.phylogeny.fr
0483;31-3-2014T11:54:56;www.phylogeny.fr
0483;31-3-2014T11:54:59;www.phylogeny.fr
0483;31-3-2014T11:55:01;www.phylogeny.fr
0483;31-3-2014T11:55:03;www.phylogeny.fr
0483;31-3-2014T11:55:06;www.phylogeny.fr
0483;31-3-2014T11:55:08;www.phylogeny.fr
0483;31-3-2014T11:55:10;annotathon.org
0483;31-3-2014T11:55:11;www.phylogeny.fr
0483;31-3-2014T11:55:16;www.phylogeny.fr
0483;31-3-2014T11:55:17;www.phylogeny.fr
0483;31-3-2014T11:55:40;annotathon.org
0483;31-3-2014T11:56:10;annotathon.org
0483;31-3-2014T11:56:40;annotathon.org
0483;31-3-2014T11:57:10;annotathon.org
0483;31-3-2014T11:57:40;annotathon.org
0483;31-3-2014T11:58:10;annotathon.org
0483;31-3-2014T11:58:40;annotathon.org
0483;31-3-2014T11:59:10;annotathon.org
0483;31-3-2014T11:59:40;annotathon.org
0483;31-3-2014T12:00:10;annotathon.org
0483;31-3-2014T12:00:40;annotathon.org
0483;31-3-2014T12:01:10;annotathon.org
0483;31-3-2014T12:01:27;annotathon.org
0483;31-3-2014T12:01:28;annotathon.univ-mrs.fr
0483;31-3-2014T12:01:28;annotathon.org
0483;31-3-2014T12:02:08;blast.ncbi.nlm.nih.gov
0483;31-3-2014T10:07:08;login.live.com
0483;31-3-2014T10:07:13;ssl.bing.com
0483;31-3-2014T10:07:14;login.live.com
0483;31-3-2014T10:07:16;login.live.com
0483;31-3-2014T10:07:48;login.live.com
0483;31-3-2014T10:07:49;login.live.com
0483;31-3-2014T10:07:50;windowslive.tt.omtrdc.net
0483;31-3-2014T10:07:52;mail.live.com
0483;31-3-2014T10:07:55;dub129.mail.live.com
0483;31-3-2014T10:07:57;dub129.mail.live.com
0483;31-3-2014T10:08:11;people.directory.live.com
0483;31-3-2014T10:08:11;cid-bea5680788c24f3b.users.storage.live.com
0483;31-3-2014T10:08:15;h.live.com
0483;31-3-2014T10:08:16;dub129.mail.live.com
0483;31-3-2014T10:08:16;people.directory.live.com
0483;31-3-2014T10:08:17;dub129.mail.live.com
0483;31-3-2014T10:08:17;h.live.com
0483;31-3-2014T10:08:17;h.bing.com
0483;31-3-2014T10:08:18;dub129.mail.live.com
0483;31-3-2014T10:08:18;h.live.com
0483;31-3-2014T10:08:19;h.bing.com
0483;31-3-2014T10:08:19;cid-bea5680788c24f3b.users.storage.live.com
0483;31-3-2014T10:08:20;dub129.mail.live.com
0483;31-3-2014T10:08:20;h.live.com
0483;31-3-2014T10:08:21;h.bing.com
0483;31-3-2014T10:08:21;h.live.com
0483;31-3-2014T10:08:21;dub129.mail.live.com
0483;31-3-2014T10:08:22;dub129.mail.live.com
0483;31-3-2014T10:08:22;h.live.com
0483;31-3-2014T10:08:22;h.bing.com
0483;31-3-2014T10:08:23;h.bing.com
0483;31-3-2014T10:08:23;h.live.com
0483;31-3-2014T10:08:27;dub129.mail.live.com
0483;31-3-2014T10:08:28;dub129.mail.live.com
0483;31-3-2014T10:08:30;dub129.mail.live.com
0483;31-3-2014T10:08:30;p.sfx.ms
0483;31-3-2014T10:08:30;blufiles.storage.msn.com
0483;31-3-2014T10:08:30;dub129.afx.ms
0483;31-3-2014T10:08:31;windowslive.tt.omtrdc.net
0483;31-3-2014T10:08:32;p.sfx.ms
0483;31-3-2014T10:08:34;dub129.mail.live.com
0483;31-3-2014T10:08:40;h.live.com
0483;31-3-2014T10:08:40;dub129.mail.live.com
0483;31-3-2014T10:08:41;dub129.mail.live.com
0483;31-3-2014T10:08:49;dub129.mail.live.com
0483;31-3-2014T10:08:49;js.live.net
0483;31-3-2014T10:08:50;dub129.mail.live.com
0483;31-3-2014T10:08:50;secure.shared.live.com
0483;31-3-2014T10:08:51;secure.shared.live.com
0483;31-3-2014T10:08:52;dub129.mail.live.com
0483;31-3-2014T10:08:52;go.trouter.io
0483;31-3-2014T10:08:55;storage.live.com
0483;31-3-2014T10:08:58;secure.shared.live.com
0483;31-3-2014T10:09:09;dub129.mail.live.com
0483;31-3-2014T10:09:29;dub129.mail.live.com
0483;31-3-2014T10:09:54;dub129.afx.ms
0483;31-3-2014T10:09:55;dub129.mail.live.com
0483;31-3-2014T10:09:58;go.trouter.io
0483;31-3-2014T10:10:55;dub129.mail.live.com
0483;31-3-2014T10:10:59;dub129.afx.ms
0483;31-3-2014T10:11:07;cid-bea5680788c24f3b.users.storage.live.com
0483;31-3-2014T11:01:42;img.jgi.doe.gov
0483;31-3-2014T11:01:44;img.jgi.doe.gov
0483;31-3-2014T11:01:48;img.jgi.doe.gov
0483;31-3-2014T11:02:04;img.jgi.doe.gov
0483;31-3-2014T11:46:02;h2.msn.com
0483;31-3-2014T11:46:03;g.msn.com
0483;31-3-2014T11:46:11;dub129.mail.live.com
0483;31-3-2014T11:46:12;h.live.com
0483;31-3-2014T11:46:12;dub129.mail.live.com
0483;31-3-2014T11:46:12;h2.msn.com
0483;31-3-2014T11:46:14;dub129.mail.live.com
0483;31-3-2014T11:46:16;h2.msn.com
0483;31-3-2014T11:46:16;h.live.com
0483;31-3-2014T11:46:25;g.msn.com
0483;31-3-2014T11:46:29;login.live.com
0483;31-3-2014T11:46:30;login.live.com
0483;31-3-2014T11:46:35;dub129.mail.live.com
0483;31-3-2014T11:46:47;windowslive.tt.omtrdc.net
0483;31-3-2014T11:47:01;windowslive.tt.omtrdc.net
0483;31-3-2014T11:53:53;login.live.com
0483;31-3-2014T11:54:20;mail.google.com
0483;31-3-2014T11:54:23;accounts.google.com
0483;31-3-2014T11:54:23;mail.google.com
0483;31-3-2014T11:54:33;accounts.youtube.com
0483;31-3-2014T11:54:34;accounts.youtube.com
0483;31-3-2014T11:54:57;mail.google.com
0483;31-3-2014T11:55:00;accounts.google.fr
0483;31-3-2014T11:55:01;accounts.google.com
0483;31-3-2014T11:55:01;accounts.youtube.com
0483;31-3-2014T11:55:01;accounts.google.fr
0483;31-3-2014T11:55:03;mail.google.com
0483;31-3-2014T11:55:04;mail.google.com
0483;31-3-2014T11:55:05;mail.google.com
0483;31-3-2014T11:55:07;mail.google.com
0483;31-3-2014T11:55:07;clients2.google.com
0483;31-3-2014T11:55:11;mail.google.com
0483;31-3-2014T11:55:12;clients2.google.com
0483;31-3-2014T11:55:12;mail.google.com
0483;31-3-2014T11:55:13;apis.google.com
0483;31-3-2014T11:55:13;mail.google.com
0483;31-3-2014T11:55:14;apis.google.com
0483;31-3-2014T11:55:14;mail.google.com
0483;31-3-2014T11:55:14;plus.google.com
0483;31-3-2014T11:55:15;apis.google.com
0483;31-3-2014T11:55:16;accounts.google.com
0483;31-3-2014T11:55:16;plus.google.com
0483;31-3-2014T11:55:16;mail.google.com
0483;31-3-2014T11:55:16;apis.google.com
0483;31-3-2014T11:55:17;apis.google.com
0483;31-3-2014T11:55:17;www.google.com
0483;31-3-2014T11:55:19;apis.google.com
0483;31-3-2014T11:55:19;www.google.com
0483;31-3-2014T11:55:19;mail.google.com
0483;31-3-2014T11:55:20;apis.google.com
0483;31-3-2014T11:55:20;plus.google.com
0483;31-3-2014T11:55:22;chatenabled.mail.google.com
0483;31-3-2014T11:55:22;b.mail.google.com
0483;31-3-2014T11:55:31;chatenabled.mail.google.com
0483;31-3-2014T11:55:33;mail.google.com
0483;31-3-2014T11:59:19;mail.google.com
0483;31-3-2014T12:01:36;mail.google.com
0483;31-3-2014T12:01:36;plus.google.com
0483;31-3-2014T12:01:38;plus.google.com
0483;31-3-2014T12:01:54;b.mail.google.com
0483;31-3-2014T12:02:24;mail.google.com
0483;31-3-2014T12:02:31;plus.google.com
0483;31-3-2014T12:02:31;mail.google.com
