0433;19-11-2013T08:19:28;armmf.adobe.com
0433;19-11-2013T08:19:30;armdl.adobe.com
0433;19-11-2013T08:20:15;fpdownload2.macromedia.com
0433;19-11-2013T08:20:19;go.microsoft.com
0433;19-11-2013T08:20:20;windows.microsoft.com
0433;19-11-2013T08:20:20;res1.windows.microsoft.com
0433;19-11-2013T08:20:20;res2.windows.microsoft.com
0433;19-11-2013T08:20:20;ajax.microsoft.com
0433;19-11-2013T08:20:20;js.microsoft.com
0433;19-11-2013T08:20:21;res1.windows.microsoft.com
0433;19-11-2013T08:20:25;www.bing.com
0433;19-11-2013T08:25:20;dl.javafx.com
0433;19-11-2013T08:37:02;www.google.fr
0433;19-11-2013T08:38:01;www.google.fr
0433;19-11-2013T08:38:01;www.commentcamarche.net
0433;19-11-2013T08:38:01;static.ccm2.net
0433;19-11-2013T08:38:01;r.ccm2.net
0433;19-11-2013T08:38:01;ba.commentcamarche.net
0433;19-11-2013T08:38:02;ba.commentcamarche.net
0433;19-11-2013T08:38:02;static.ccm2.net
0433;19-11-2013T08:38:02;www.facebook.com
0433;19-11-2013T08:38:02;connect.facebook.net
0433;19-11-2013T08:38:03;platform.twitter.com
0433;19-11-2013T08:38:03;static.ak.facebook.com
0433;19-11-2013T08:38:04;player.kpsule.me
0433;19-11-2013T08:38:04;www.facebook.com
0433;19-11-2013T08:38:04;platform.twitter.com
0433;19-11-2013T08:38:04;static.ccm2.net
0433;19-11-2013T08:38:04;static.ccmbg.com
0433;19-11-2013T08:38:05;services.kpsule.me
0433;19-11-2013T08:38:05;player.kpsule.me
0433;19-11-2013T08:38:05;media.kpsule.me
0433;19-11-2013T08:38:05;www.facebook.com
0433;19-11-2013T08:38:05;ba.commentcamarche.net
0433;19-11-2013T08:38:06;www.google.com
0433;19-11-2013T08:38:06;www.commentcamarche.net
0433;19-11-2013T08:38:06;media.kpsule.me
0433;19-11-2013T09:02:10;www.oracle.com
0433;19-11-2013T09:02:11;apex.oracle.com
0433;19-11-2013T09:02:11;www.oracle.com
0433;19-11-2013T09:22:58;www.google.fr
0433;19-11-2013T09:23:00;docs.oracle.com
0433;19-11-2013T09:23:01;docs.oracle.com
0433;19-11-2013T09:23:02;docs.oracle.com
0433;19-11-2013T09:23:05;www.google.fr
0433;19-11-2013T09:23:07;www.developpez.net
0433;19-11-2013T09:23:07;docs.oracle.com
0433;19-11-2013T09:23:07;ajax.googleapis.com
0433;19-11-2013T09:23:07;www.google.com
0433;19-11-2013T09:23:08;docs.oracle.com
0433;19-11-2013T09:23:08;www.developpez.net
0433;19-11-2013T09:23:08;www.google.com
0433;19-11-2013T09:23:08;premium.hi-mediaserver.com
0433;19-11-2013T09:23:09;www.developpez.net
0433;19-11-2013T09:23:10;www.developpez.net
0433;19-11-2013T09:23:10;docs.oracle.com
0433;19-11-2013T09:23:11;docs.oracle.com
0433;19-11-2013T09:27:44;www.google.fr
0433;19-11-2013T09:27:44;docs.oracle.com
0433;19-11-2013T09:27:50;www.google.fr
0433;19-11-2013T09:27:51;www.developpez.net
0433;19-11-2013T09:27:51;www.google.com
0433;19-11-2013T09:27:52;www.developpez.net
0433;19-11-2013T09:29:03;google.fr
0433;19-11-2013T09:29:03;www.google.fr
0433;19-11-2013T09:29:32;www.google.fr
0433;19-11-2013T09:29:35;platform.linkedin.com
0433;19-11-2013T09:29:36;www.digora.com
0433;19-11-2013T09:29:36;maps.google.com
0433;19-11-2013T09:29:36;apis.google.com
0433;19-11-2013T09:29:36;www.google.fr
0433;19-11-2013T09:29:37;www.digora.com
0433;19-11-2013T09:29:38;www.developpez.net
0433;19-11-2013T09:29:38;platform.linkedin.com
0433;19-11-2013T09:29:38;www.google.com
0433;19-11-2013T09:29:39;www.digora.com
0433;19-11-2013T09:29:39;www.developpez.net
0433;19-11-2013T09:29:42;maps.googleapis.com
0433;19-11-2013T09:30:24;www.linkedin.com
0433;19-11-2013T09:43:40;www.google.fr
0433;19-11-2013T09:43:42;docs.oracle.com
0433;19-11-2013T09:43:43;docs.oracle.com
0433;19-11-2013T09:43:44;docs.oracle.com
0433;19-11-2013T09:43:45;docs.oracle.com
0433;19-11-2013T09:43:46;docs.oracle.com
0433;19-11-2013T09:44:09;www.google.fr
0433;19-11-2013T09:44:10;www.polymorphe.org
0433;19-11-2013T09:44:10;ajax.googleapis.com
0433;19-11-2013T09:44:10;platform.twitter.com
0433;19-11-2013T09:44:10;www.facebook.com
0433;19-11-2013T09:44:11;www.polymorphe.org
0433;19-11-2013T09:44:11;platform.linkedin.com
0433;19-11-2013T09:44:11;platform.twitter.com
0433;19-11-2013T09:44:11;www.linkedin.com
0433;19-11-2013T09:44:13;www.polymorphe.org
0433;19-11-2013T09:48:42;www.google.fr
0433;19-11-2013T09:48:42;docs.oracle.com
0433;19-11-2013T09:48:43;docs.oracle.com
0433;19-11-2013T09:48:43;www.oracle.com
0433;19-11-2013T09:48:52;www.google.fr
0433;19-11-2013T09:48:53;www.aide-oracle.net
0433;19-11-2013T09:48:53;frise.aide-oracle.net
0433;19-11-2013T09:48:53;www.google.fr
0433;19-11-2013T09:48:53;www.google.com
0433;19-11-2013T09:48:53;www.blogger.com
0433;19-11-2013T09:48:53;translate.google.com
0433;19-11-2013T09:48:53;translate.googleapis.com
0433;19-11-2013T09:48:53;s.cdiscount.widgetvillage.com
0433;19-11-2013T09:48:54;s.cdiscount.widgetvillage.com
0433;19-11-2013T09:48:54;www.misco.fr
0433;19-11-2013T09:48:55;s.cdiscount.widgetvillage.com
0433;19-11-2013T09:48:55;ak.cdiscount.com
0433;19-11-2013T09:48:56;avis.cdiscount.com
0433;19-11-2013T09:48:56;ak.cdiscount.com
0433;19-11-2013T09:48:56;www.google.com
0433;19-11-2013T09:48:56;clients1.google.com
0433;19-11-2013T09:48:56;www.aide-oracle.net
0433;19-11-2013T09:48:56;translate.googleapis.com
0433;19-11-2013T09:49:09;ak.cdiscount.com
0433;19-11-2013T09:49:09;avis.cdiscount.com
0433;19-11-2013T09:49:13;ak.cdiscount.com
0433;19-11-2013T09:49:13;avis.cdiscount.com
0433;19-11-2013T09:49:18;ak.cdiscount.com
0433;19-11-2013T09:49:18;avis.cdiscount.com
0433;19-11-2013T09:49:22;ak.cdiscount.com
0433;19-11-2013T09:49:27;ak.cdiscount.com
0433;19-11-2013T09:49:27;avis.cdiscount.com
0433;19-11-2013T09:49:31;ak.cdiscount.com
0433;19-11-2013T09:49:31;avis.cdiscount.com
0433;19-11-2013T09:49:36;ak.cdiscount.com
0433;19-11-2013T09:49:36;avis.cdiscount.com
0433;19-11-2013T09:49:41;s.cdiscount.widgetvillage.com
0433;19-11-2013T09:49:41;ak.cdiscount.com
0433;19-11-2013T09:49:41;avis.cdiscount.com
0433;19-11-2013T09:49:45;ak.cdiscount.com
0433;19-11-2013T09:49:45;avis.cdiscount.com
0433;19-11-2013T09:49:49;ak.cdiscount.com
0433;19-11-2013T09:49:49;avis.cdiscount.com
0433;19-11-2013T09:49:54;ak.cdiscount.com
0433;19-11-2013T09:49:58;ak.cdiscount.com
0433;19-11-2013T09:49:58;avis.cdiscount.com
0433;19-11-2013T09:50:03;ak.cdiscount.com
0433;19-11-2013T09:50:03;avis.cdiscount.com
0433;19-11-2013T09:50:07;ak.cdiscount.com
0433;19-11-2013T09:50:07;avis.cdiscount.com
0433;19-11-2013T09:50:12;ak.cdiscount.com
0433;19-11-2013T09:50:12;avis.cdiscount.com
0433;19-11-2013T09:50:16;ak.cdiscount.com
0433;19-11-2013T09:50:21;avis.cdiscount.com
0433;19-11-2013T09:50:21;ak.cdiscount.com
0433;19-11-2013T09:50:22;www.google.fr
0433;19-11-2013T09:50:23;docs.oracle.com
0433;19-11-2013T09:50:24;docs.oracle.com
0433;19-11-2013T09:50:25;docs.oracle.com
0433;19-11-2013T09:50:26;s.cdiscount.widgetvillage.com
0433;19-11-2013T09:50:26;ak.cdiscount.com
0433;19-11-2013T09:50:26;docs.oracle.com
0433;19-11-2013T09:50:27;docs.oracle.com
0433;19-11-2013T09:50:28;docs.oracle.com
0433;19-11-2013T09:50:30;ak.cdiscount.com
0433;19-11-2013T09:50:34;ak.cdiscount.com
0433;19-11-2013T09:50:39;ak.cdiscount.com
0433;19-11-2013T09:50:43;ak.cdiscount.com
0433;19-11-2013T09:50:43;avis.cdiscount.com
0433;19-11-2013T09:50:48;ak.cdiscount.com
0433;19-11-2013T09:50:48;avis.cdiscount.com
0433;19-11-2013T09:50:52;ak.cdiscount.com
0433;19-11-2013T09:50:52;avis.cdiscount.com
0433;19-11-2013T09:50:57;ak.cdiscount.com
0433;19-11-2013T09:51:01;ak.cdiscount.com
0433;19-11-2013T09:51:01;avis.cdiscount.com
0433;19-11-2013T09:51:06;ak.cdiscount.com
0433;19-11-2013T09:51:11;s.cdiscount.widgetvillage.com
0433;19-11-2013T09:51:11;ak.cdiscount.com
0433;19-11-2013T09:51:15;ak.cdiscount.com
0433;19-11-2013T09:51:19;ak.cdiscount.com
0433;19-11-2013T09:51:24;ak.cdiscount.com
0433;19-11-2013T09:51:24;avis.cdiscount.com
0433;19-11-2013T09:51:28;ak.cdiscount.com
0433;19-11-2013T09:51:33;ak.cdiscount.com
0433;19-11-2013T09:51:37;ak.cdiscount.com
0433;19-11-2013T09:51:42;ak.cdiscount.com
0433;19-11-2013T09:51:46;ak.cdiscount.com
0433;19-11-2013T09:51:46;avis.cdiscount.com
0433;19-11-2013T09:51:51;ak.cdiscount.com
0433;19-11-2013T09:51:51;avis.cdiscount.com
0433;19-11-2013T09:52:12;www.polymorphe.org
0433;19-11-2013T09:52:13;www.polymorphe.org
0433;19-11-2013T09:52:14;www.polymorphe.org
0433;19-11-2013T09:52:17;www.polymorphe.org
0433;19-11-2013T09:52:17;www.facebook.com
0433;19-11-2013T09:52:18;platform.linkedin.com
0433;19-11-2013T09:52:18;www.linkedin.com
0433;19-11-2013T09:53:35;www.linkedin.com
0433;19-11-2013T09:53:37;www.linkedin.com
0433;19-11-2013T08:19:26;armmf.adobe.com
0433;19-11-2013T08:21:08;www.dropbox.com
0433;19-11-2013T08:21:09;www.dropbox.com
0433;19-11-2013T08:21:10;www.dropbox.com
0433;19-11-2013T08:21:11;www.dropbox.com
0433;19-11-2013T08:21:12;ajax.googleapis.com
0433;19-11-2013T08:22:16;www.dropbox.com
0433;19-11-2013T08:22:21;www.dropbox.com
0433;19-11-2013T08:23:15;ieonline.microsoft.com
0433;19-11-2013T08:23:15;go.microsoft.com
0433;19-11-2013T08:23:25;ajax.googleapis.com
0433;19-11-2013T08:24:11;javadl-esd-secure.oracle.com
0433;19-11-2013T08:25:10;javadl-esd-secure.oracle.com
0433;19-11-2013T08:37:03;apis.google.com
0433;19-11-2013T08:37:04;www.google.com
0433;19-11-2013T08:38:02;ajax.googleapis.com
0433;19-11-2013T08:38:03;s-static.ak.facebook.com
0433;19-11-2013T08:38:03;apis.google.com
0433;19-11-2013T08:38:03;accounts.google.com
0433;19-11-2013T08:38:04;twitter.com
0433;19-11-2013T08:38:04;apis.google.com
0433;19-11-2013T08:38:05;apis.google.com
0433;19-11-2013T08:38:05;twitter.com
0433;19-11-2013T08:38:05;accounts.google.com
0433;19-11-2013T08:38:06;www.facebook.com
0433;19-11-2013T08:39:56;www.google.fr
0433;19-11-2013T08:39:56;www.google.com
0433;19-11-2013T08:39:56;apis.google.com
0433;19-11-2013T09:22:30;www.google.fr
0433;19-11-2013T09:24:55;www.google.fr
0433;19-11-2013T09:29:37;www.linkedin.com
0433;19-11-2013T09:29:38;accounts.google.com
0433;19-11-2013T09:31:22;www.google.fr
0433;19-11-2013T09:31:25;www.linkedin.com
0433;19-11-2013T09:31:25;apis.google.com
0433;19-11-2013T09:44:12;accounts.google.com
0433;19-11-2013T09:44:12;apis.google.com
0433;19-11-2013T09:44:13;twitter.com
0433;19-11-2013T09:44:43;twitter.com
0433;19-11-2013T09:45:36;www.google.fr
0433;19-11-2013T09:46:13;apis.google.com
0433;19-11-2013T09:46:13;accounts.google.com
0433;19-11-2013T09:48:55;accounts.google.com
0433;19-11-2013T09:48:55;apis.google.com
0433;19-11-2013T09:48:56;accounts.google.com
0433;19-11-2013T09:48:56;apis.google.com
0433;19-11-2013T09:48:56;www.googleapis.com
0433;19-11-2013T09:49:58;www.google.com
0433;19-11-2013T09:49:58;www.googleapis.com
0433;19-11-2013T09:51:55;www.google.fr
0433;19-11-2013T09:52:19;twitter.com
0433;19-11-2013T09:52:49;twitter.com
0433;19-11-2013T09:53:35;apis.google.com
0433;20-11-2013T15:18:54;fpdownload2.macromedia.com
0433;20-11-2013T15:19:05;www.hotmail.fr
0433;20-11-2013T15:21:35;dub122.mail.live.com
0433;20-11-2013T15:21:35;g.live.com
0433;20-11-2013T15:21:40;arabia.msn.com
0433;20-11-2013T15:21:40;maroc.msn.com
0433;20-11-2013T15:21:40;connect.facebook.net
0433;20-11-2013T15:21:40;platform.twitter.com
0433;20-11-2013T15:21:40;c.msn.com
0433;20-11-2013T15:21:41;c.msn.com
0433;20-11-2013T15:21:41;arabia.msn.com
0433;20-11-2013T15:21:43;maroc.msn.com
0433;20-11-2013T15:21:43;arabia.msn.com
0433;20-11-2013T15:21:43;static.ak.facebook.com
0433;20-11-2013T15:21:44;platform.twitter.com
0433;20-11-2013T15:21:44;www.facebook.com
0433;20-11-2013T15:21:44;maroc.msn.com
0433;20-11-2013T15:21:55;google.fr
0433;20-11-2013T15:21:56;www.google.fr
0433;20-11-2013T15:22:57;www.google.fr
0433;20-11-2013T15:22:57;bibliotheque.clermont-universite.fr
0433;20-11-2013T15:22:57;apis.google.com
0433;20-11-2013T15:23:04;catalogue.clermont-universite.fr
0433;20-11-2013T15:23:05;catalogue.clermont-universite.fr
0433;20-11-2013T15:23:05;books.google.com
0433;20-11-2013T15:23:05;bibliotheque.clermont-universite.fr
0433;20-11-2013T15:23:22;catalogue.clermont-universite.fr
0433;20-11-2013T15:23:22;bibliotheque.clermont-universite.fr
0433;20-11-2013T15:23:22;books.google.com
0433;20-11-2013T15:23:38;catalogue.clermont-universite.fr
0433;20-11-2013T15:23:38;bibliotheque.clermont-universite.fr
0433;20-11-2013T15:23:38;books.google.com
0433;20-11-2013T15:23:43;catalogue.clermont-universite.fr
0433;20-11-2013T15:23:43;bibliotheque.clermont-universite.fr
0433;20-11-2013T15:23:43;books.google.com
0433;20-11-2013T15:24:04;catalogue.clermont-universite.fr
0433;20-11-2013T15:24:04;bibliotheque.clermont-universite.fr
0433;20-11-2013T15:24:04;books.google.com
0433;20-11-2013T15:24:23;catalogue.clermont-universite.fr
0433;20-11-2013T15:24:23;bibliotheque.clermont-universite.fr
0433;20-11-2013T15:24:23;books.google.com
0433;20-11-2013T15:24:29;catalogue.clermont-universite.fr
0433;20-11-2013T15:24:29;bibliotheque.clermont-universite.fr
0433;20-11-2013T15:24:30;bibliotheque.clermont-universite.fr
0433;20-11-2013T15:24:30;books.google.com
0433;20-11-2013T15:24:33;catalogue.clermont-universite.fr
0433;20-11-2013T15:24:33;bibliotheque.clermont-universite.fr
0433;20-11-2013T15:24:33;books.google.com
0433;20-11-2013T15:24:36;catalogue.clermont-universite.fr
0433;20-11-2013T15:24:36;bibliotheque.clermont-universite.fr
0433;20-11-2013T15:24:36;books.google.com
0433;20-11-2013T15:25:40;catalogue.clermont-universite.fr
0433;20-11-2013T15:25:40;bibliotheque.clermont-universite.fr
0433;20-11-2013T15:25:40;books.google.com
0433;20-11-2013T15:26:03;catalogue.clermont-universite.fr
0433;20-11-2013T15:26:03;bibliotheque.clermont-universite.fr
0433;20-11-2013T15:26:06;bibliotheque.clermont-universite.fr
0433;20-11-2013T15:26:14;catalogue.clermont-universite.fr
0433;20-11-2013T15:26:14;bibliotheque.clermont-universite.fr
0433;20-11-2013T15:26:14;books.google.com
0433;20-11-2013T15:26:34;catalogue.clermont-universite.fr
0433;20-11-2013T15:26:34;bibliotheque.clermont-universite.fr
0433;20-11-2013T15:26:34;books.google.com
0433;20-11-2013T15:26:40;catalogue.clermont-universite.fr
0433;20-11-2013T15:26:40;bibliotheque.clermont-universite.fr
0433;20-11-2013T15:26:40;books.google.com
0433;20-11-2013T15:26:54;catalogue.clermont-universite.fr
0433;20-11-2013T15:26:55;bibliotheque.clermont-universite.fr
0433;20-11-2013T15:26:55;catalogue.clermont-universite.fr
0433;20-11-2013T15:26:55;books.google.com
0433;20-11-2013T15:44:31;armmf.adobe.com
0433;20-11-2013T15:44:33;armdl.adobe.com
0433;20-11-2013T15:45:02;go.microsoft.com
0433;20-11-2013T15:45:02;windows.microsoft.com
0433;20-11-2013T15:45:03;windows.microsoft.com
0433;20-11-2013T15:45:03;res1.windows.microsoft.com
0433;20-11-2013T15:45:03;res2.windows.microsoft.com
0433;20-11-2013T15:45:03;ajax.microsoft.com
0433;20-11-2013T15:45:03;js.microsoft.com
0433;20-11-2013T15:45:07;www.hotmail.fr
0433;20-11-2013T15:45:08;www.bing.com
0433;20-11-2013T15:45:29;dub122.mail.live.com
0433;20-11-2013T15:45:29;g.live.com
0433;20-11-2013T15:45:31;maroc.msn.com
0433;20-11-2013T15:45:32;maroc.msn.com
0433;20-11-2013T15:45:32;arabia.msn.com
0433;20-11-2013T15:45:32;connect.facebook.net
0433;20-11-2013T15:45:32;platform.twitter.com
0433;20-11-2013T15:45:32;c.msn.com
0433;20-11-2013T15:45:33;static.ak.facebook.com
0433;20-11-2013T15:45:33;platform.twitter.com
0433;20-11-2013T15:45:33;maroc.msn.com
0433;20-11-2013T15:45:33;www.facebook.com
0433;20-11-2013T15:45:34;maroc.msn.com
0433;20-11-2013T15:49:39;dl.javafx.com
0433;20-11-2013T15:50:23;google.fr
0433;20-11-2013T15:50:23;www.google.fr
0433;20-11-2013T15:50:44;www.google.fr
0433;20-11-2013T15:50:44;www.dba-ora.fr
0433;20-11-2013T15:50:44;fdata.over-blog.net
0433;20-11-2013T15:50:45;fdata.over-blog.net
0433;20-11-2013T15:50:45;yui.yahooapis.com
0433;20-11-2013T15:50:45;www.linkwithin.com
0433;20-11-2013T15:50:45;img.over-blog.com
0433;20-11-2013T15:50:45;www.google.com
0433;20-11-2013T15:50:45;idata.over-blog.com
0433;20-11-2013T15:50:45;www.dba-ora.fr
0433;20-11-2013T15:50:45;a54.idata.over-blog.com
0433;20-11-2013T15:50:45;a401.idata.over-blog.com
0433;20-11-2013T15:50:45;a405.idata.over-blog.com
0433;20-11-2013T15:50:45;www.audienceinsights.net
0433;20-11-2013T15:50:45;www.anonymousdmp.com
0433;20-11-2013T15:50:46;www.dba-ora.fr
0433;20-11-2013T15:50:46;www.audienceinsights.net
0433;20-11-2013T15:50:47;www.audienceinsights.net
0433;20-11-2013T15:50:48;www.audienceinsights.net
0433;20-11-2013T15:51:46;premium.hi-mediaserver.com
0433;20-11-2013T15:51:46;images.orangepublicite.fr
0433;20-11-2013T15:51:47;widget3.linkwithin.com
0433;20-11-2013T15:51:47;www.google.com
0433;20-11-2013T15:51:47;fdata.over-blog.net
0433;20-11-2013T15:51:47;it3yv1v73b.s.ad6media.fr
0433;20-11-2013T15:53:35;it3yv1v73b.s.ad6media.fr
0433;20-11-2013T15:53:35;style2.ad6.fr
0433;20-11-2013T15:53:35;m.ad6media.fr
0433;20-11-2013T15:53:37;it3yv1v73b.s.ad6media.fr
0433;20-11-2013T15:55:05;www.google.fr
0433;20-11-2013T15:55:05;docs.oracle.com
0433;20-11-2013T15:55:06;docs.oracle.com
0433;20-11-2013T15:55:08;docs.oracle.com
0433;20-11-2013T15:55:11;www.google.fr
0433;20-11-2013T15:57:33;www.google.fr
0433;20-11-2013T15:57:33;www.dba-ora.fr
0433;20-11-2013T15:57:33;fdata.over-blog.net
0433;20-11-2013T15:57:33;a401.idata.over-blog.com
0433;20-11-2013T15:57:33;a54.idata.over-blog.com
0433;20-11-2013T15:57:33;www.linkwithin.com
0433;20-11-2013T15:57:34;www.linkwithin.com
0433;20-11-2013T15:57:34;www.audienceinsights.net
0433;20-11-2013T15:57:34;a405.idata.over-blog.com
0433;20-11-2013T15:57:34;www.dba-ora.fr
0433;20-11-2013T15:57:35;www.audienceinsights.net
0433;20-11-2013T15:57:35;widget5.linkwithin.com
0433;20-11-2013T15:57:35;fdata.over-blog.net
0433;20-11-2013T15:57:35;www.google.com
0433;20-11-2013T15:57:35;premium.hi-mediaserver.com
0433;20-11-2013T15:57:38;www.facebook.com
0433;20-11-2013T16:00:15;widget5.linkwithin.com
0433;20-11-2013T16:04:14;m.ad6media.fr
0433;20-11-2013T16:26:17;www.google.fr
0433;20-11-2013T16:26:33;www.google.fr
0433;20-11-2013T16:26:33;www.dba-ora.fr
0433;20-11-2013T16:26:33;fdata.over-blog.net
0433;20-11-2013T16:26:33;www.linkwithin.com
0433;20-11-2013T16:26:34;fdata.over-blog.net
0433;20-11-2013T16:26:34;www.linkwithin.com
0433;20-11-2013T16:26:34;a401.idata.over-blog.com
0433;20-11-2013T16:26:34;a54.idata.over-blog.com
0433;20-11-2013T16:26:34;a405.idata.over-blog.com
0433;20-11-2013T16:26:34;www.audienceinsights.net
0433;20-11-2013T16:26:35;www.dba-ora.fr
0433;20-11-2013T16:26:35;www.audienceinsights.net
0433;20-11-2013T16:26:35;choices.truste.com
0433;20-11-2013T16:26:35;widget3.linkwithin.com
0433;20-11-2013T16:26:35;www.google.com
0433;20-11-2013T16:26:35;fdata.over-blog.net
0433;20-11-2013T16:26:36;match.rtbidder.net
0433;20-11-2013T16:26:36;fdata.over-blog.net
0433;20-11-2013T16:26:36;www.google.com
0433;20-11-2013T16:26:36;widget3.linkwithin.com
0433;20-11-2013T16:26:36;choices.truste.com
0433;20-11-2013T17:00:53;www.covoiturage.fr
0433;20-11-2013T17:04:51;www.developpez.com
0433;20-11-2013T17:04:51;www.google.com
0433;20-11-2013T17:04:51;www.developpez.net
0433;20-11-2013T17:04:52;www.developpez.com
0433;20-11-2013T17:04:52;premium.hi-mediaserver.com
0433;20-11-2013T17:04:53;apnx-match.dotomi.com
0433;20-11-2013T17:04:54;apnx-match.dotomi.com
0433;20-11-2013T17:04:57;dtm.potterybarn.com
0433;20-11-2013T17:04:58;www.developpez.com
0433;20-11-2013T17:05:08;oracle.developpez.com
0433;20-11-2013T17:05:08;www.developpez.com
0433;20-11-2013T17:05:09;www.developpez.com
0433;20-11-2013T17:05:09;oracle.developpez.com
0433;20-11-2013T17:05:09;www.developpez.net
0433;20-11-2013T17:05:10;oracle.developpez.com
0433;20-11-2013T17:05:16;oracle.developpez.com
0433;20-11-2013T17:05:16;www.developpez.com
0433;20-11-2013T17:05:17;www.developpez.com
0433;20-11-2013T17:05:17;oracle.developpez.com
0433;20-11-2013T17:05:22;oracle.developpez.com
0433;20-11-2013T17:05:22;www.developpez.com
0433;20-11-2013T17:05:22;premium.hi-mediaserver.com
0433;20-11-2013T17:10:16;t2c.fr
0433;20-11-2013T17:10:16;www.t2c.fr
0433;20-11-2013T17:10:17;www.t2c.fr
0433;20-11-2013T17:10:21;www.t2c.fr
0433;20-11-2013T17:10:31;www.t2c.fr
0433;20-11-2013T17:10:32;www.t2c.fr
0433;20-11-2013T17:10:32;maps.google.com
0433;20-11-2013T17:10:33;www.t2c.fr
0433;20-11-2013T17:10:38;maps.googleapis.com
0433;20-11-2013T17:11:23;www.t2c.fr
0433;20-11-2013T17:11:24;www.t2c.fr
0433;20-11-2013T17:11:24;maps.google.com
0433;20-11-2013T17:11:29;maps.googleapis.com
0433;20-11-2013T17:12:53;oracle.developpez.com
0433;20-11-2013T17:12:53;www.developpez.com
0433;20-11-2013T17:12:57;oracle.developpez.com
0433;20-11-2013T17:12:57;www.developpez.com
0433;20-11-2013T17:12:58;premium.hi-mediaserver.com
0433;20-11-2013T17:13:01;oracle.developpez.com
0433;20-11-2013T17:13:01;www.developpez.com
0433;20-11-2013T17:13:02;www.developpez.com
0433;20-11-2013T17:16:03;www.t2c.fr
0433;20-11-2013T17:16:11;www.t2c.fr
0433;20-11-2013T17:16:12;maps.google.com
0433;20-11-2013T17:16:12;www.t2c.fr
0433;20-11-2013T17:16:17;maps.googleapis.com
0433;20-11-2013T17:16:44;www.t2c.fr
0433;20-11-2013T17:16:44;maps.google.com
0433;20-11-2013T17:16:49;maps.googleapis.com
0433;20-11-2013T17:19:12;www.t2c.fr
0433;20-11-2013T17:19:12;maps.google.com
0433;20-11-2013T17:19:17;maps.googleapis.com
0433;20-11-2013T15:19:15;login.live.com
0433;20-11-2013T15:19:32;login.live.com
0433;20-11-2013T15:19:35;login.live.com
0433;20-11-2013T15:19:36;login.live.com
0433;20-11-2013T15:19:41;mail.live.com
0433;20-11-2013T15:19:47;dub122.mail.live.com
0433;20-11-2013T15:19:48;people.directory.live.com
0433;20-11-2013T15:19:48;dub122.mail.live.com
0433;20-11-2013T15:19:52;windowslive.tt.omtrdc.net
0433;20-11-2013T15:19:53;secure.shared.live.com
0433;20-11-2013T15:19:54;windowslive.tt.omtrdc.net
0433;20-11-2013T15:19:56;dub122.mail.live.com
0433;20-11-2013T15:19:56;secure.shared.live.com
0433;20-11-2013T15:19:57;h.live.com
0433;20-11-2013T15:19:57;cid-0b517a38a82e112f.users.storage.live.com
0433;20-11-2013T15:19:58;h.live.com
0433;20-11-2013T15:19:58;js.live.net
0433;20-11-2013T15:19:59;people.directory.live.com
0433;20-11-2013T15:19:59;h.live.com
0433;20-11-2013T15:20:00;h.live.com
0433;20-11-2013T15:20:57;storage.live.com
0433;20-11-2013T15:20:57;secure.shared.live.com
0433;20-11-2013T15:20:57;h.live.com
0433;20-11-2013T15:20:58;dub122.mail.live.com
0433;20-11-2013T15:21:02;dub122.mail.live.com
0433;20-11-2013T15:21:03;dub122.mail.live.com
0433;20-11-2013T15:21:04;dub122.mail.live.com
0433;20-11-2013T15:21:05;dub122.mail.live.com
0433;20-11-2013T15:21:06;p.sfx.ms
0433;20-11-2013T15:21:07;h.live.com
0433;20-11-2013T15:21:08;h.live.com
0433;20-11-2013T15:21:14;dub122.mail.live.com
0433;20-11-2013T15:21:15;p.sfx.ms
0433;20-11-2013T15:21:16;p.sfx.ms
0433;20-11-2013T15:21:16;cid-0b517a38a82e112f.users.storage.live.com
0433;20-11-2013T15:21:34;login.live.com
0433;20-11-2013T15:21:34;dub122.mail.live.com
0433;20-11-2013T15:21:34;secure.shared.live.com
0433;20-11-2013T15:21:34;storage.live.com
0433;20-11-2013T15:21:34;h.live.com
0433;20-11-2013T15:21:40;windowslive.tt.omtrdc.net
0433;20-11-2013T15:21:43;s-static.ak.facebook.com
0433;20-11-2013T15:21:51;twitter.com
0433;20-11-2013T15:22:07;www.google.fr
0433;20-11-2013T15:22:08;apis.google.com
0433;20-11-2013T15:22:10;www.google.com
0433;20-11-2013T15:22:55;www.google.fr
0433;20-11-2013T15:22:57;www.google.com
0433;20-11-2013T15:22:58;apis.google.com
0433;20-11-2013T15:23:10;accounts.google.com
0433;20-11-2013T15:44:29;armmf.adobe.com
0433;20-11-2013T15:45:08;login.live.com
0433;20-11-2013T15:45:10;login.live.com
0433;20-11-2013T15:45:11;windowslive.tt.omtrdc.net
0433;20-11-2013T15:45:22;login.live.com
0433;20-11-2013T15:45:23;windowslive.tt.omtrdc.net
0433;20-11-2013T15:45:23;login.live.com
0433;20-11-2013T15:45:25;mail.live.com
0433;20-11-2013T15:45:25;cid-0b517a38a82e112f.users.storage.live.com
0433;20-11-2013T15:45:26;dub122.mail.live.com
0433;20-11-2013T15:45:26;h.live.com
0433;20-11-2013T15:45:27;h.live.com
0433;20-11-2013T15:45:28;login.live.com
0433;20-11-2013T15:45:29;windowslive.tt.omtrdc.net
0433;20-11-2013T15:45:29;people.directory.live.com
0433;20-11-2013T15:45:29;cid-0b517a38a82e112f.users.storage.live.com
0433;20-11-2013T15:45:30;h.live.com
0433;20-11-2013T15:45:31;windowslive.tt.omtrdc.net
0433;20-11-2013T15:45:33;s-static.ak.facebook.com
0433;20-11-2013T15:45:34;twitter.com
0433;20-11-2013T15:46:04;twitter.com
0433;20-11-2013T15:47:59;ieonline.microsoft.com
0433;20-11-2013T15:48:01;go.microsoft.com
0433;20-11-2013T15:49:23;javadl-esd-secure.oracle.com
0433;20-11-2013T15:49:30;javadl-esd-secure.oracle.com
0433;20-11-2013T15:50:25;apis.google.com
0433;20-11-2013T15:50:25;www.google.com
0433;20-11-2013T15:50:45;apis.google.com
0433;20-11-2013T15:50:46;apis.google.com
0433;20-11-2013T15:50:46;accounts.google.com
0433;20-11-2013T15:51:46;accounts.google.com
0433;20-11-2013T15:51:47;www.facebook.com
0433;20-11-2013T15:51:51;www.google.fr
0433;20-11-2013T15:53:04;www.google.fr
0433;20-11-2013T15:53:04;www.google.com
0433;20-11-2013T15:53:04;apis.google.com
0433;20-11-2013T15:54:23;www.google.fr
0433;20-11-2013T15:57:11;www.google.fr
0433;20-11-2013T15:57:34;apis.google.com
0433;20-11-2013T16:00:15;apis.google.com
0433;20-11-2013T16:26:34;apis.google.com
0433;20-11-2013T16:26:35;apis.google.com
0433;20-11-2013T16:28:30;www.google.fr
0433;20-11-2013T17:00:15;www.google.fr
0433;20-11-2013T17:03:08;login.live.com
0433;20-11-2013T17:03:10;windowslive.tt.omtrdc.net
0433;20-11-2013T17:03:23;windowslive.tt.omtrdc.net
0433;20-11-2013T17:04:55;pixel2368.everesttech.net
0433;20-11-2013T17:05:08;pixel2368.everesttech.net
0433;27-11-2013T12:52:30;armmf.adobe.com
0433;27-11-2013T12:52:31;go.microsoft.com
0433;27-11-2013T12:52:31;windows.microsoft.com
0433;27-11-2013T12:52:31;res1.windows.microsoft.com
0433;27-11-2013T12:52:31;ajax.microsoft.com
0433;27-11-2013T12:52:31;res2.windows.microsoft.com
0433;27-11-2013T12:52:31;js.microsoft.com
0433;27-11-2013T12:52:32;res2.windows.microsoft.com
0433;27-11-2013T12:52:32;res1.windows.microsoft.com
0433;27-11-2013T12:52:32;windows.microsoft.com
0433;27-11-2013T12:52:32;armdl.adobe.com
0433;27-11-2013T12:52:32;js.microsoft.com
0433;27-11-2013T12:52:37;www.bing.com
0433;27-11-2013T12:54:08;google.fr
0433;27-11-2013T12:54:08;www.google.fr
0433;27-11-2013T12:54:28;www.google.fr
0433;27-11-2013T12:55:35;www.google.fr
0433;27-11-2013T12:52:28;armmf.adobe.com
0433;27-11-2013T12:54:09;www.google.fr
0433;27-11-2013T12:54:09;apis.google.com
0433;27-11-2013T12:54:10;www.google.com
0433;27-11-2013T12:55:24;ieonline.microsoft.com
0433;27-11-2013T12:55:24;go.microsoft.com
0433;27-11-2013T12:55:55;www.google.fr
0433;27-11-2013T12:55:55;www.google.com
0433;27-11-2013T12:55:55;apis.google.com
0433;03-12-2013T08:23:44;www.squid-cache.org
0433;03-12-2013T08:24:40;www.hotmail.fr
0433;03-12-2013T08:25:43;dub122.mail.live.com
0433;03-12-2013T08:25:44;g.live.com
0433;03-12-2013T08:25:46;maroc.msn.com
0433;03-12-2013T08:25:46;arabia.msn.com
0433;03-12-2013T08:25:46;connect.facebook.net
0433;03-12-2013T08:25:46;platform.twitter.com
0433;03-12-2013T08:25:47;c.msn.com
0433;03-12-2013T08:25:49;arabia.msn.com
0433;03-12-2013T08:25:49;maroc.msn.com
0433;03-12-2013T08:25:49;fpdownload2.macromedia.com
0433;03-12-2013T08:25:49;c.msn.com
0433;03-12-2013T08:25:49;platform.twitter.com
0433;03-12-2013T08:42:27;g.live.com
0433;03-12-2013T08:43:04;connect.facebook.net
0433;03-12-2013T08:43:04;maroc.msn.com
0433;03-12-2013T08:43:05;c.msn.com
0433;03-12-2013T08:43:08;maroc.msn.com
0433;03-12-2013T08:45:18;g.live.com
0433;03-12-2013T08:45:24;platform.twitter.com
0433;03-12-2013T08:45:25;c.msn.com
0433;03-12-2013T08:46:58;armmf.adobe.com
0433;03-12-2013T08:47:00;armdl.adobe.com
0433;03-12-2013T08:47:14;www.squid-cache.org
0433;03-12-2013T08:47:45;go.microsoft.com
0433;03-12-2013T08:47:45;windows.microsoft.com
0433;03-12-2013T08:47:45;ajax.microsoft.com
0433;03-12-2013T08:47:45;res1.windows.microsoft.com
0433;03-12-2013T08:47:45;res2.windows.microsoft.com
0433;03-12-2013T08:47:46;res2.windows.microsoft.com
0433;03-12-2013T08:47:46;js.microsoft.com
0433;03-12-2013T08:47:50;www.bing.com
0433;03-12-2013T08:50:45;www.hotmail.fr
0433;03-12-2013T08:52:07;dl.javafx.com
0433;03-12-2013T09:11:45;www.oracle.com
0433;03-12-2013T09:11:46;apex.oracle.com
0433;03-12-2013T09:11:46;www.oracle.com
0433;03-12-2013T09:19:18;google.fr
0433;03-12-2013T09:19:18;www.google.fr
0433;03-12-2013T09:19:37;www.google.fr
0433;03-12-2013T09:19:37;didier.deleglise.free.fr
0433;03-12-2013T09:19:38;didier.deleglise.free.fr
0433;03-12-2013T09:40:55;www.google.fr
0433;03-12-2013T09:41:06;www.google.fr
0433;03-12-2013T09:41:07;www.dba-ora.fr
0433;03-12-2013T09:41:07;img.over-blog.com
0433;03-12-2013T09:41:07;idata.over-blog.com
0433;03-12-2013T09:41:07;a401.idata.over-blog.com
0433;03-12-2013T09:41:07;www.google.com
0433;03-12-2013T09:41:07;www.linkwithin.com
0433;03-12-2013T09:41:07;fdata.over-blog.net
0433;03-12-2013T09:41:07;a54.idata.over-blog.com
0433;03-12-2013T09:41:07;yui.yahooapis.com
0433;03-12-2013T09:41:08;idata.over-blog.com
0433;03-12-2013T09:41:08;a405.idata.over-blog.com
0433;03-12-2013T09:41:08;www.audienceinsights.net
0433;03-12-2013T09:41:09;www.anonymousdmp.com
0433;03-12-2013T09:41:09;www.dba-ora.fr
0433;03-12-2013T09:41:09;www.audienceinsights.net
0433;03-12-2013T09:41:10;premium.hi-mediaserver.com
0433;03-12-2013T09:41:11;www.audienceinsights.net
0433;03-12-2013T09:41:11;www.google.com
0433;03-12-2013T09:41:11;fdata.over-blog.net
0433;03-12-2013T09:41:11;it3yv1v73b.s.ad6media.fr
0433;03-12-2013T09:41:37;it3yv1v73b.s.ad6media.fr
0433;03-12-2013T09:41:37;m.ad6media.fr
0433;03-12-2013T09:41:38;ak.englishtown.com
0433;03-12-2013T09:41:38;mkgs.englishtown.com
0433;03-12-2013T09:41:38;ak2.englishtown.com
0433;03-12-2013T09:41:38;ak1.englishtown.com
0433;03-12-2013T09:41:39;efeducationfirstlimi.tt.omtrdc.net
0433;03-12-2013T09:41:39;ak1.englishtown.com
0433;03-12-2013T09:41:39;it3yv1v73b.s.ad6media.fr
0433;03-12-2013T09:41:39;etvt.englishtown.com
0433;03-12-2013T09:41:39;s3.amazonaws.com
0433;03-12-2013T09:41:39;mkgs.englishtown.com
0433;03-12-2013T09:41:40;www.google.com
0433;03-12-2013T09:41:40;www.google.fr
0433;03-12-2013T09:41:40;mkgs.englishtown.com
0433;03-12-2013T09:41:40;it3yv1v73b.s.ad6media.fr
0433;03-12-2013T09:41:40;style2.ad6.fr
0433;03-12-2013T09:41:40;www.pages04.net
0433;03-12-2013T08:24:23;www.google.fr
0433;03-12-2013T08:24:23;apis.google.com
0433;03-12-2013T08:24:26;www.google.com
0433;03-12-2013T08:24:40;www.google.fr
0433;03-12-2013T08:24:40;apis.google.com
0433;03-12-2013T08:24:50;login.live.com
0433;03-12-2013T08:25:06;www.google.fr
0433;03-12-2013T08:25:06;www.google.com
0433;03-12-2013T08:25:07;login.live.com
0433;03-12-2013T08:25:12;login.live.com
0433;03-12-2013T08:25:13;login.live.com
0433;03-12-2013T08:25:21;mail.live.com
0433;03-12-2013T08:25:27;dub122.mail.live.com
0433;03-12-2013T08:25:28;people.directory.live.com
0433;03-12-2013T08:25:32;windowslive.tt.omtrdc.net
0433;03-12-2013T08:25:32;dub122.mail.live.com
0433;03-12-2013T08:25:33;windowslive.tt.omtrdc.net
0433;03-12-2013T08:25:33;secure.shared.live.com
0433;03-12-2013T08:25:34;secure.shared.live.com
0433;03-12-2013T08:25:35;secure.shared.live.com
0433;03-12-2013T08:25:36;cid-0b517a38a82e112f.users.storage.live.com
0433;03-12-2013T08:25:36;people.directory.live.com
0433;03-12-2013T08:25:37;h.live.com
0433;03-12-2013T08:25:38;js.live.net
0433;03-12-2013T08:25:38;cid-0b517a38a82e112f.users.storage.live.com
0433;03-12-2013T08:25:38;h.live.com
0433;03-12-2013T08:25:40;h.live.com
0433;03-12-2013T08:25:41;h.live.com
0433;03-12-2013T08:25:43;login.live.com
0433;03-12-2013T08:25:43;storage.live.com
0433;03-12-2013T08:25:43;secure.shared.live.com
0433;03-12-2013T08:25:44;dub122.mail.live.com
0433;03-12-2013T08:25:46;windowslive.tt.omtrdc.net
0433;03-12-2013T08:25:51;twitter.com
0433;03-12-2013T08:42:20;login.live.com
0433;03-12-2013T08:43:00;windowslive.tt.omtrdc.net
0433;03-12-2013T08:43:04;windowslive.tt.omtrdc.net
0433;03-12-2013T08:43:15;twitter.com
0433;03-12-2013T08:43:46;twitter.com
0433;03-12-2013T08:45:17;login.live.com
0433;03-12-2013T08:45:24;windowslive.tt.omtrdc.net
0433;03-12-2013T08:45:33;twitter.com
0433;03-12-2013T08:46:56;armmf.adobe.com
0433;03-12-2013T08:48:11;go.microsoft.com
0433;03-12-2013T08:48:11;ieonline.microsoft.com
0433;03-12-2013T08:50:46;login.live.com
0433;03-12-2013T08:50:48;login.live.com
0433;03-12-2013T08:50:49;windowslive.tt.omtrdc.net
0433;03-12-2013T08:51:00;windowslive.tt.omtrdc.net
0433;03-12-2013T08:51:15;login.live.com
0433;03-12-2013T08:51:16;login.live.com
0433;03-12-2013T08:51:18;mail.live.com
0433;03-12-2013T08:51:18;cid-0b517a38a82e112f.users.storage.live.com
0433;03-12-2013T08:51:20;h.live.com
0433;03-12-2013T08:51:20;dub122.mail.live.com
0433;03-12-2013T08:51:20;people.directory.live.com
0433;03-12-2013T08:51:21;windowslive.tt.omtrdc.net
0433;03-12-2013T08:51:21;h.live.com
0433;03-12-2013T08:51:23;p.sfx.ms
0433;03-12-2013T08:51:25;p.sfx.ms
0433;03-12-2013T08:51:25;h.live.com
0433;03-12-2013T08:51:26;secure.shared.live.com
0433;03-12-2013T08:51:26;dub122.mail.live.com
0433;03-12-2013T08:51:27;h.live.com
0433;03-12-2013T08:51:29;js.live.net
0433;03-12-2013T08:51:29;www.dropbox.com
0433;03-12-2013T08:51:30;www.dropbox.com
0433;03-12-2013T08:51:31;www.dropbox.com
0433;03-12-2013T08:51:32;www.dropbox.com
0433;03-12-2013T08:51:32;ajax.googleapis.com
0433;03-12-2013T08:51:44;javadl-esd-secure.oracle.com
0433;03-12-2013T08:51:47;javadl-esd-secure.oracle.com
0433;03-12-2013T08:51:59;g.live.com
0433;03-12-2013T08:52:30;storage.live.com
0433;03-12-2013T08:52:34;www.dropbox.com
0433;03-12-2013T08:52:35;www.dropbox.com
0433;03-12-2013T08:52:45;www.dropbox.com
0433;03-12-2013T08:53:18;dub122.mail.live.com
0433;03-12-2013T08:53:47;ieonline.microsoft.com
0433;03-12-2013T08:54:20;www.dropbox.com
0433;03-12-2013T08:54:29;dub122.mail.live.com
0433;03-12-2013T08:55:32;ajax.googleapis.com
0433;03-12-2013T08:57:07;secure.shared.live.com
0433;03-12-2013T08:57:24;proxy-bay-people.directory.live.com
0433;03-12-2013T08:59:46;secure.shared.live.com
0433;03-12-2013T09:07:59;dub122.mail.live.com
0433;03-12-2013T09:11:12;proxy-bay-people.directory.live.com
0433;03-12-2013T09:11:12;h.live.com
0433;03-12-2013T09:11:12;dub122.mail.live.com
0433;03-12-2013T09:11:13;dub122.mail.live.com
0433;03-12-2013T09:11:15;dub122.mail.live.com
0433;03-12-2013T09:11:15;h.live.com
0433;03-12-2013T09:11:16;dub122.mail.live.com
0433;03-12-2013T09:11:17;dub122.mail.live.com
0433;03-12-2013T09:11:17;viadeo-iris-static.s3.amazonaws.com
0433;03-12-2013T09:11:18;viadeo-iris-static.s3.amazonaws.com
0433;03-12-2013T09:11:18;dub122.mail.live.com
0433;03-12-2013T09:11:19;viadeo-iris-static.s3.amazonaws.com
0433;03-12-2013T09:11:20;dub122.mail.live.com
0433;03-12-2013T09:11:25;dub122.mail.live.com
0433;03-12-2013T09:12:17;h.live.com
0433;03-12-2013T09:12:18;dub122.mail.live.com
0433;03-12-2013T09:12:20;dub122.mail.live.com
0433;03-12-2013T09:12:24;dub122.mail.live.com
0433;03-12-2013T09:17:15;proxy-bay-people.directory.live.com
0433;03-12-2013T09:19:19;apis.google.com
0433;03-12-2013T09:19:20;www.google.com
0433;03-12-2013T09:21:33;www.google.fr
0433;03-12-2013T09:21:33;www.google.com
0433;03-12-2013T09:21:33;apis.google.com
0433;03-12-2013T09:41:07;www.google.fr
0433;03-12-2013T09:41:07;apis.google.com
0433;03-12-2013T09:41:08;apis.google.com
0433;03-12-2013T09:41:08;accounts.google.com
0433;03-12-2013T09:41:09;apis.google.com
0433;03-12-2013T09:41:11;accounts.google.com
0433;03-12-2013T09:41:11;www.facebook.com
0433;04-12-2013T10:13:42;armmf.adobe.com
0433;04-12-2013T10:13:44;armdl.adobe.com
0433;04-12-2013T10:14:30;go.microsoft.com
0433;04-12-2013T10:14:30;windows.microsoft.com
0433;04-12-2013T10:14:30;res1.windows.microsoft.com
0433;04-12-2013T10:14:30;js.microsoft.com
0433;04-12-2013T10:14:30;res2.windows.microsoft.com
0433;04-12-2013T10:14:30;ajax.microsoft.com
0433;04-12-2013T10:14:31;res2.windows.microsoft.com
0433;04-12-2013T10:14:31;res1.windows.microsoft.com
0433;04-12-2013T10:14:31;www.facebook.com
0433;04-12-2013T10:14:31;windows.microsoft.com
0433;04-12-2013T10:14:32;js.microsoft.com
0433;04-12-2013T10:14:32;res1.windows.microsoft.com
0433;04-12-2013T10:14:32;res2.windows.microsoft.com
0433;04-12-2013T10:14:33;windows.microsoft.com
0433;04-12-2013T10:14:35;www.bing.com
0433;04-12-2013T10:14:35;api.bing.com
0433;04-12-2013T10:14:36;google.fr
0433;04-12-2013T10:14:36;www.google.fr
0433;04-12-2013T10:14:38;res1.windows.microsoft.com
0433;04-12-2013T10:16:02;www.google.fr
0433;04-12-2013T10:16:05;www.cs.waikato.ac.nz
0433;04-12-2013T10:16:06;www.cs.waikato.ac.nz
0433;04-12-2013T10:16:17;weka.waikato.ac.nz
0433;04-12-2013T10:16:20;www.cs.waikato.ac.nz
0433;04-12-2013T10:17:02;a.fsdn.com
0433;04-12-2013T10:17:02;images.sourceforge.net
0433;04-12-2013T10:17:02;sourceforge.net
0433;04-12-2013T10:17:03;a.fsdn.com
0433;04-12-2013T10:17:03;d.delivery49.com
0433;04-12-2013T10:17:04;sourceforge.net
0433;04-12-2013T10:17:04;a.fsdn.com
0433;04-12-2013T10:17:30;heanet.dl.sourceforge.net
0433;04-12-2013T10:18:04;a.fsdn.com
0433;04-12-2013T10:18:04;sourceforge.net
0433;04-12-2013T10:18:05;d.delivery49.com
0433;04-12-2013T10:18:05;a.fsdn.com
0433;04-12-2013T10:18:05;sourceforge.net
0433;04-12-2013T10:20:27;dl.javafx.com
0433;04-12-2013T10:23:13;java.com
0433;04-12-2013T10:23:14;java.com
0433;04-12-2013T10:23:49;api.bing.com
0433;04-12-2013T10:38:04;api.bing.com
0433;04-12-2013T10:38:05;www.hotmail.fr
0433;04-12-2013T10:44:14;dub122.mail.live.com
0433;04-12-2013T10:44:14;g.live.com
0433;04-12-2013T10:44:17;maroc.msn.com
0433;04-12-2013T10:44:17;arabia.msn.com
0433;04-12-2013T10:44:17;connect.facebook.net
0433;04-12-2013T10:44:18;platform.twitter.com
0433;04-12-2013T10:44:18;arabia.msn.com
0433;04-12-2013T10:44:18;maroc.msn.com
0433;04-12-2013T10:44:18;c.msn.com
0433;04-12-2013T10:44:21;maroc.msn.com
0433;04-12-2013T10:56:54;api.bing.com
0433;04-12-2013T10:56:55;api.bing.com
0433;04-12-2013T10:56:56;api.bing.com
0433;04-12-2013T10:56:57;api.bing.com
0433;04-12-2013T10:56:58;api.bing.com
0433;04-12-2013T10:56:59;api.bing.com
0433;04-12-2013T10:57:00;api.bing.com
0433;04-12-2013T10:57:01;api.bing.com
0433;04-12-2013T10:57:02;api.bing.com
0433;04-12-2013T10:57:03;api.bing.com
0433;04-12-2013T10:57:05;api.bing.com
0433;04-12-2013T10:57:06;www.bing.com
0433;04-12-2013T10:57:08;www.bing.com
0433;04-12-2013T10:57:08;cms.abmr.net
0433;04-12-2013T10:57:13;www.bing.com
0433;04-12-2013T10:57:14;www.bing.com
0433;04-12-2013T10:57:15;www.cs.waikato.ac.nz
0433;04-12-2013T10:57:25;www.cs.waikato.ac.nz
0433;04-12-2013T10:57:32;www.cs.waikato.ac.nz
0433;04-12-2013T10:57:33;www.cs.waikato.ac.nz
0433;04-12-2013T10:57:34;www.cs.waikato.ac.nz
0433;04-12-2013T10:57:43;www.cs.waikato.ac.nz
0433;04-12-2013T10:57:55;www.cs.waikato.ac.nz
0433;04-12-2013T10:58:06;sourceforge.net
0433;04-12-2013T10:58:06;images.sourceforge.net
0433;04-12-2013T10:58:07;d.delivery49.com
0433;04-12-2013T10:58:07;sourceforge.net
0433;04-12-2013T10:58:15;optimate.dl.sourceforge.net
0433;04-12-2013T10:59:05;a.fsdn.com
0433;04-12-2013T10:59:05;sourceforge.net
0433;04-12-2013T10:59:05;www.facebook.com
0433;04-12-2013T10:59:06;apis.google.com
0433;04-12-2013T10:59:06;a.fsdn.com
0433;04-12-2013T10:59:06;platform.twitter.com
0433;04-12-2013T10:59:06;sourceforge.net
0433;04-12-2013T10:59:07;sourceforge.net
0433;04-12-2013T10:59:08;platform.twitter.com
0433;04-12-2013T10:59:33;sourceforge.net
0433;04-12-2013T10:59:34;images.sourceforge.net
0433;04-12-2013T10:59:34;sourceforge.net
0433;04-12-2013T10:59:34;d.delivery49.com
0433;04-12-2013T10:59:39;dfn.dl.sourceforge.net
0433;04-12-2013T10:59:40;sourceforge.net
0433;04-12-2013T10:59:41;d.delivery49.com
0433;04-12-2013T10:59:41;sourceforge.net
0433;04-12-2013T10:59:42;heanet.dl.sourceforge.net
0433;04-12-2013T11:00:41;sourceforge.net
0433;04-12-2013T11:00:42;d.delivery49.com
0433;04-12-2013T11:00:42;sourceforge.net
0433;04-12-2013T11:04:28;www.google.fr
0433;04-12-2013T11:05:13;www.google.fr
0433;04-12-2013T11:05:13;codes-sources.commentcamarche.net
0433;04-12-2013T11:05:13;static.ccm2.net
0433;04-12-2013T11:05:13;ba.commentcamarche.net
0433;04-12-2013T11:05:13;r.ccm2.net
0433;04-12-2013T11:05:14;static.ccm2.net
0433;04-12-2013T11:05:15;www.linternaute.com
0433;04-12-2013T11:05:15;ba.commentcamarche.net
0433;04-12-2013T11:05:15;r.ccmbg.com
0433;04-12-2013T11:05:15;static.ccm2.net
0433;04-12-2013T11:05:15;codes-sources.commentcamarche.net
0433;04-12-2013T11:05:15;connect.facebook.net
0433;04-12-2013T11:05:16;static.ak.facebook.com
0433;04-12-2013T11:05:16;www.facebook.com
0433;04-12-2013T11:05:16;r.ccmbg.com
0433;04-12-2013T11:05:16;www.linkedin.com
0433;04-12-2013T11:05:22;static.ccm2.net
0433;04-12-2013T11:05:47;www.google.fr
0433;04-12-2013T11:05:48;fr.wikipedia.org
0433;04-12-2013T11:05:48;bits.wikimedia.org
0433;04-12-2013T11:05:48;meta.wikimedia.org
0433;04-12-2013T11:05:49;bits.wikimedia.org
0433;04-12-2013T11:06:10;www.google.fr
0433;04-12-2013T11:06:10;www.fil.univ-lille1.fr
0433;04-12-2013T11:09:47;www.google.fr
0433;04-12-2013T11:09:48;www.cs.waikato.ac.nz
0433;04-12-2013T11:10:52;sourceforge.net
0433;04-12-2013T11:10:52;images.sourceforge.net
0433;04-12-2013T11:10:53;d.delivery49.com
0433;04-12-2013T11:10:54;sourceforge.net
0433;04-12-2013T11:11:55;sourceforge.net
0433;04-12-2013T11:11:56;d.delivery49.com
0433;04-12-2013T11:11:56;sourceforge.net
0433;04-12-2013T11:56:57;api.bing.com
0433;04-12-2013T10:13:40;armmf.adobe.com
0433;04-12-2013T10:14:37;www.google.fr
0433;04-12-2013T10:14:37;apis.google.com
0433;04-12-2013T10:14:38;www.google.com
0433;04-12-2013T10:16:02;www.google.com
0433;04-12-2013T10:16:02;apis.google.com
0433;04-12-2013T10:16:18;weka.waikato.ac.nz
0433;04-12-2013T10:16:35;ieonline.microsoft.com
0433;04-12-2013T10:16:35;go.microsoft.com
0433;04-12-2013T10:18:26;javadl-esd-secure.oracle.com
0433;04-12-2013T10:20:10;javadl-esd-secure.oracle.com
0433;04-12-2013T10:38:07;login.live.com
0433;04-12-2013T10:38:08;login.live.com
0433;04-12-2013T10:38:10;windowslive.tt.omtrdc.net
0433;04-12-2013T10:38:18;login.live.com
0433;04-12-2013T10:38:19;windowslive.tt.omtrdc.net
0433;04-12-2013T10:38:19;login.live.com
0433;04-12-2013T10:38:21;mail.live.com
0433;04-12-2013T10:38:21;dub122.mail.live.com
0433;04-12-2013T10:38:21;cid-0b517a38a82e112f.users.storage.live.com
0433;04-12-2013T10:38:22;h.live.com
0433;04-12-2013T10:38:23;h.live.com
0433;04-12-2013T10:38:26;dub122.mail.live.com
0433;04-12-2013T10:38:27;people.directory.live.com
0433;04-12-2013T10:38:27;windowslive.tt.omtrdc.net
0433;04-12-2013T10:38:27;h.live.com
0433;04-12-2013T10:38:28;secure.shared.live.com
0433;04-12-2013T10:38:28;js.live.net
0433;04-12-2013T10:38:28;dub122.mail.live.com
0433;04-12-2013T10:38:29;dub122.mail.live.com
0433;04-12-2013T10:38:31;secure.shared.live.com
0433;04-12-2013T10:38:31;p.sfx.ms
0433;04-12-2013T10:38:31;storage.live.com
0433;04-12-2013T10:38:31;h.live.com
0433;04-12-2013T10:38:31;dub122.mail.live.com
0433;04-12-2013T10:38:32;dub122.mail.live.com
0433;04-12-2013T10:38:33;dub122.mail.live.com
0433;04-12-2013T10:38:42;secure.shared.live.com
0433;04-12-2013T10:38:42;h.live.com
0433;04-12-2013T10:38:42;dub122.mail.live.com
0433;04-12-2013T10:38:43;dub122.mail.live.com
0433;04-12-2013T10:38:44;h.live.com
0433;04-12-2013T10:38:44;dub122.mail.live.com
0433;04-12-2013T10:38:45;dub122.mail.live.com
0433;04-12-2013T10:38:49;h.live.com
0433;04-12-2013T10:38:49;dub122.mail.live.com
0433;04-12-2013T10:38:52;dub122.mail.live.com
0433;04-12-2013T10:39:12;dub122.mail.live.com
0433;04-12-2013T10:39:50;dub122.mail.live.com
0433;04-12-2013T10:39:53;dub122.mail.live.com
0433;04-12-2013T10:39:54;dub122.mail.live.com
0433;04-12-2013T10:40:09;h.live.com
0433;04-12-2013T10:40:15;dub122.afx.ms
0433;04-12-2013T10:40:22;dub122.mail.live.com
0433;04-12-2013T10:41:32;dub122.mail.live.com
0433;04-12-2013T10:43:16;dub122.mail.live.com
0433;04-12-2013T10:43:18;h.live.com
0433;04-12-2013T10:44:13;login.live.com
0433;04-12-2013T10:44:14;proxy-bay-people.directory.live.com
0433;04-12-2013T10:44:14;h.live.com
0433;04-12-2013T10:44:15;cid-0b517a38a82e112f.users.storage.live.com
0433;04-12-2013T10:44:17;windowslive.tt.omtrdc.net
0433;04-12-2013T10:44:19;twitter.com
0433;04-12-2013T10:44:49;twitter.com
0433;04-12-2013T10:59:07;apis.google.com
0433;04-12-2013T10:59:07;accounts.google.com
0433;04-12-2013T10:59:07;twitter.com
0433;04-12-2013T10:59:34;twitter.com
0433;04-12-2013T11:00:41;platform.twitter.com
0433;04-12-2013T11:04:29;www.google.fr
0433;04-12-2013T11:04:47;www.google.fr
0433;04-12-2013T11:05:14;ajax.googleapis.com
0433;04-12-2013T11:05:16;ajax.googleapis.com
0433;04-12-2013T11:05:16;apis.google.com
0433;04-12-2013T11:05:16;s-static.ak.facebook.com
0433;04-12-2013T11:05:16;accounts.google.com
0433;04-12-2013T11:05:16;twitter.com
0433;04-12-2013T11:05:47;twitter.com
0433;04-12-2013T11:05:48;www.google.fr
0433;04-12-2013T11:05:49;fr.wikipedia.org
0433;04-12-2013T11:05:49;login.wikimedia.org
0433;04-12-2013T11:06:49;bits.wikimedia.org
0433;04-12-2013T11:06:49;login.wikimedia.org
0433;04-12-2013T11:06:49;fr.wikipedia.org
0433;04-12-2013T11:07:13;apis.google.com
0433;04-12-2013T11:07:13;accounts.google.com
0433;04-12-2013T11:08:18;www.google.fr
0433;04-12-2013T11:11:32;www.google.fr
0433;11-12-2013T15:41:47;armmf.adobe.com
0433;11-12-2013T15:41:49;armdl.adobe.com
0433;11-12-2013T15:42:17;fpdownload2.macromedia.com
0433;11-12-2013T15:42:23;go.microsoft.com
0433;11-12-2013T15:42:24;windows.microsoft.com
0433;11-12-2013T15:42:24;res2.windows.microsoft.com
0433;11-12-2013T15:42:24;js.microsoft.com
0433;11-12-2013T15:42:24;res1.windows.microsoft.com
0433;11-12-2013T15:42:24;ajax.microsoft.com
0433;11-12-2013T15:42:25;res1.windows.microsoft.com
0433;11-12-2013T15:42:25;js.microsoft.com
0433;11-12-2013T15:42:28;www.bing.com
0433;11-12-2013T15:42:29;api.bing.com
0433;11-12-2013T15:47:14;dl.javafx.com
0433;11-12-2013T15:48:43;google.fr
0433;11-12-2013T15:48:44;www.google.fr
0433;11-12-2013T15:49:48;www.google.fr
0433;11-12-2013T15:49:53;oracle.developpez.com
0433;11-12-2013T15:49:53;www.google.com
0433;11-12-2013T15:49:58;www.developpez.com
0433;11-12-2013T15:50:07;oracle.developpez.com
0433;11-12-2013T15:50:07;premium.hi-mediaserver.com
0433;11-12-2013T15:50:07;www.google.com
0433;11-12-2013T15:50:08;oracle.developpez.com
0433;11-12-2013T15:50:20;oracle.developpez.com
0433;11-12-2013T15:50:54;www.google.fr
0433;11-12-2013T15:50:55;oracle.developpez.com
0433;11-12-2013T15:50:58;www.developpez.com
0433;11-12-2013T15:54:31;api.bing.com
0433;11-12-2013T15:54:31;www.hotmail.fr
0433;11-12-2013T16:04:10;www.google.fr
0433;11-12-2013T16:04:49;www.google.fr
0433;11-12-2013T16:04:50;forum.hardware.fr
0433;11-12-2013T16:04:50;forum-images.hardware.fr
0433;11-12-2013T16:04:50;wtpn.twenga.fr
0433;11-12-2013T16:04:50;fr.primary.affinitad.com
0433;11-12-2013T16:04:51;fr.primary.affinitad.com
0433;11-12-2013T16:04:51;www.google.com
0433;11-12-2013T16:04:51;wtpn.twenga.fr
0433;11-12-2013T16:04:51;rbx-cdn-tpn.c4tw.net
0433;11-12-2013T16:04:51;forum.hardware.fr
0433;11-12-2013T16:04:51;i10.twenga.com
0433;11-12-2013T16:04:51;i11.twenga.com
0433;11-12-2013T16:34:16;www.google.fr
0433;11-12-2013T16:34:16;docs.oracle.com
0433;11-12-2013T16:36:30;api.bing.com
0433;11-12-2013T16:36:30;www.hotmail.fr
0433;11-12-2013T16:46:47;dub122.mail.live.com
0433;11-12-2013T16:46:48;g.live.com
0433;11-12-2013T16:46:50;maroc.msn.com
0433;11-12-2013T16:46:51;maroc.msn.com
0433;11-12-2013T16:46:51;arabia.msn.com
0433;11-12-2013T16:46:51;connect.facebook.net
0433;11-12-2013T16:46:51;platform.twitter.com
0433;11-12-2013T16:46:51;c.msn.com
0433;11-12-2013T16:46:52;arabia.msn.com
0433;11-12-2013T16:46:52;maroc.msn.com
0433;11-12-2013T16:46:52;c.msn.com
0433;11-12-2013T16:46:52;platform.twitter.com
0433;11-12-2013T17:03:55;api.bing.com
0433;11-12-2013T17:03:55;www.hotmail.fr
0433;11-12-2013T17:04:22;g.live.com
0433;11-12-2013T17:04:25;platform.twitter.com
0433;11-12-2013T17:04:26;c.msn.com
0433;11-12-2013T17:04:26;maroc.msn.com
0433;11-12-2013T17:12:48;www.google.fr
0433;11-12-2013T17:13:21;api.bing.com
0433;11-12-2013T17:13:22;api.bing.com
0433;11-12-2013T17:13:24;www.lebuteur.com
0433;11-12-2013T17:13:24;ajax.googleapis.com
0433;11-12-2013T17:13:24;ajax.cloudflare.com
0433;11-12-2013T17:13:25;www.lebuteur.com
0433;11-12-2013T17:13:25;www.facebook.com
0433;11-12-2013T17:13:26;www.lebuteur.com
0433;11-12-2013T17:13:28;www.lebuteur.com
0433;11-12-2013T17:13:29;de.tynt.com
0433;11-12-2013T17:13:40;www.lebuteur.com
0433;11-12-2013T17:13:40;www.scribd.com
0433;11-12-2013T17:13:41;www.scribd.com
0433;11-12-2013T17:13:42;www.scribd.com
0433;11-12-2013T17:13:44;s5.scribdassets.com
0433;11-12-2013T17:13:44;s7.scribdassets.com
0433;11-12-2013T17:13:44;s6.scribdassets.com
0433;11-12-2013T17:13:44;www.scribd.com
0433;11-12-2013T17:13:44;imgv2-4.scribdassets.com
0433;11-12-2013T17:13:44;platform.twitter.com
0433;11-12-2013T17:13:44;connect.facebook.net
0433;11-12-2013T17:13:45;www.scribd.com
0433;11-12-2013T17:13:45;s5.scribdassets.com
0433;11-12-2013T17:13:45;platform.twitter.com
0433;11-12-2013T17:13:45;static.ak.facebook.com
0433;11-12-2013T17:13:46;platform.twitter.com
0433;11-12-2013T17:13:47;html3.scribdassets.com
0433;11-12-2013T17:13:47;htmlimg2.scribdassets.com
0433;11-12-2013T17:13:48;s5.scribdassets.com
0433;11-12-2013T17:13:48;htmlimg4.scribdassets.com
0433;11-12-2013T17:13:48;htmlimg1.scribdassets.com
0433;11-12-2013T17:13:51;www.facebook.com
0433;11-12-2013T17:13:51;www.lebuteur.com
0433;11-12-2013T17:13:52;de.tynt.com
0433;11-12-2013T17:13:56;html2.scribdassets.com
0433;11-12-2013T17:13:57;html3.scribdassets.com
0433;11-12-2013T17:13:57;htmlimg1.scribdassets.com
0433;11-12-2013T17:13:57;html4.scribdassets.com
0433;11-12-2013T17:13:57;htmlimg4.scribdassets.com
0433;11-12-2013T17:13:59;htmlimg4.scribdassets.com
0433;11-12-2013T17:14:00;html1.scribdassets.com
0433;11-12-2013T17:14:01;htmlimg1.scribdassets.com
0433;11-12-2013T17:14:09;html3.scribdassets.com
0433;11-12-2013T17:14:10;htmlimg2.scribdassets.com
0433;11-12-2013T17:14:21;html2.scribdassets.com
0433;11-12-2013T17:14:22;htmlimg4.scribdassets.com
0433;11-12-2013T17:14:31;html3.scribdassets.com
0433;11-12-2013T17:14:31;htmlimg2.scribdassets.com
0433;11-12-2013T17:14:38;html2.scribdassets.com
0433;11-12-2013T17:14:39;htmlimg1.scribdassets.com
0433;11-12-2013T17:14:49;html4.scribdassets.com
0433;11-12-2013T17:14:49;htmlimg2.scribdassets.com
0433;11-12-2013T17:14:58;html1.scribdassets.com
0433;11-12-2013T17:14:58;htmlimg2.scribdassets.com
0433;11-12-2013T17:15:11;html2.scribdassets.com
0433;11-12-2013T17:15:11;html1.scribdassets.com
0433;11-12-2013T17:15:11;htmlimg2.scribdassets.com
0433;11-12-2013T17:15:11;htmlimg4.scribdassets.com
0433;11-12-2013T17:15:30;html1.scribdassets.com
0433;11-12-2013T17:15:30;htmlimg4.scribdassets.com
0433;11-12-2013T17:16:11;html1.scribdassets.com
0433;11-12-2013T17:16:11;htmlimg2.scribdassets.com
0433;11-12-2013T17:16:27;html1.scribdassets.com
0433;11-12-2013T17:16:27;htmlimg4.scribdassets.com
0433;11-12-2013T17:16:40;html2.scribdassets.com
0433;11-12-2013T17:16:40;htmlimg3.scribdassets.com
0433;11-12-2013T17:16:48;html4.scribdassets.com
0433;11-12-2013T17:16:48;htmlimg2.scribdassets.com
0433;11-12-2013T17:17:09;html3.scribdassets.com
0433;11-12-2013T17:17:09;htmlimg4.scribdassets.com
0433;11-12-2013T17:17:18;html4.scribdassets.com
0433;11-12-2013T17:17:18;htmlimg2.scribdassets.com
0433;11-12-2013T17:17:32;html1.scribdassets.com
0433;11-12-2013T17:17:32;htmlimg4.scribdassets.com
0433;11-12-2013T17:17:44;html3.scribdassets.com
0433;11-12-2013T17:17:45;htmlimg2.scribdassets.com
0433;11-12-2013T17:17:58;html1.scribdassets.com
0433;11-12-2013T17:17:59;htmlimg2.scribdassets.com
0433;11-12-2013T17:24:58;api.bing.com
0433;11-12-2013T17:24:58;www.google.fr
0433;11-12-2013T17:25:12;www.google.fr
0433;11-12-2013T17:25:12;www.consulat-algerie-saint-etienne.org
0433;11-12-2013T17:25:13;www.consulat-algerie-saint-etienne.org
0433;11-12-2013T17:25:14;www.consulat-algerie-saint-etienne.org
0433;11-12-2013T17:25:19;www.consulat-algerie-saint-etienne.org
0433;11-12-2013T15:41:45;armmf.adobe.com
0433;11-12-2013T15:42:24;ieonline.microsoft.com
0433;11-12-2013T15:44:12;go.microsoft.com
0433;11-12-2013T15:45:17;ieonline.microsoft.com
0433;11-12-2013T15:46:32;javadl-esd-secure.oracle.com
0433;11-12-2013T15:47:05;javadl-esd-secure.oracle.com
0433;11-12-2013T15:48:48;www.google.fr
0433;11-12-2013T15:48:52;apis.google.com
0433;11-12-2013T15:48:54;www.google.com
0433;11-12-2013T15:50:04;www.google.com
0433;11-12-2013T15:50:04;apis.google.com
0433;11-12-2013T15:50:08;www.facebook.com
0433;11-12-2013T15:50:32;www.google.fr
0433;11-12-2013T15:52:31;www.google.fr
0433;11-12-2013T15:54:33;login.live.com
0433;11-12-2013T15:54:35;login.live.com
0433;11-12-2013T15:54:37;windowslive.tt.omtrdc.net
0433;11-12-2013T15:54:47;login.live.com
0433;11-12-2013T15:54:48;login.live.com
0433;11-12-2013T15:54:50;windowslive.tt.omtrdc.net
0433;11-12-2013T15:54:52;mail.live.com
0433;11-12-2013T15:54:53;cid-0b517a38a82e112f.users.storage.live.com
0433;11-12-2013T15:54:53;people.directory.live.com
0433;11-12-2013T15:54:54;h.live.com
0433;11-12-2013T15:54:54;dub122.mail.live.com
0433;11-12-2013T15:54:57;windowslive.tt.omtrdc.net
0433;11-12-2013T15:54:57;people.directory.live.com
0433;11-12-2013T15:54:57;h.live.com
0433;11-12-2013T15:54:57;dub122.mail.live.com
0433;11-12-2013T15:54:58;h.live.com
0433;11-12-2013T15:54:59;dub122.mail.live.com
0433;11-12-2013T15:55:00;p.sfx.ms
0433;11-12-2013T15:55:00;secure.shared.live.com
0433;11-12-2013T15:55:04;login.live.com
0433;11-12-2013T15:55:04;js.live.net
0433;11-12-2013T15:55:05;secure.shared.live.com
0433;11-12-2013T15:55:06;go.trouter.io
0433;11-12-2013T15:55:06;storage.live.com
0433;11-12-2013T15:55:06;prod.registrar.skype.com
0433;11-12-2013T15:55:07;prod.registrar.skype.com
0433;11-12-2013T15:55:10;h.live.com
0433;11-12-2013T15:55:17;api.skype.com
0433;11-12-2013T15:55:17;secure.shared.live.com
0433;11-12-2013T15:55:17;dub122.afx.ms
0433;11-12-2013T15:55:17;dub122.mail.live.com
0433;11-12-2013T15:55:17;h.live.com
0433;11-12-2013T15:55:20;secure.footprint.net
0433;11-12-2013T15:56:23;h.live.com
0433;11-12-2013T15:56:51;dub122.mail.live.com
0433;11-12-2013T15:57:21;word-view.officeapps.live.com
0433;11-12-2013T15:58:00;dub122.mail.live.com
0433;11-12-2013T16:00:56;people.directory.live.com
0433;11-12-2013T16:03:44;windowslive.tt.omtrdc.net
0433;11-12-2013T16:04:11;www.google.fr
0433;11-12-2013T16:04:30;h.live.com
0433;11-12-2013T16:04:30;dub122.mail.live.com
0433;11-12-2013T16:04:31;dub122.mail.live.com
0433;11-12-2013T16:04:32;dub122.mail.live.com
0433;11-12-2013T16:04:50;go.trouter.io
0433;11-12-2013T16:06:10;www.google.fr
0433;11-12-2013T16:35:47;www.google.fr
0433;11-12-2013T16:36:32;login.live.com
0433;11-12-2013T16:36:36;h.live.com
0433;11-12-2013T16:36:37;windowslive.tt.omtrdc.net
0433;11-12-2013T16:36:37;mail.live.com
0433;11-12-2013T16:36:41;people.directory.live.com
0433;11-12-2013T16:36:41;windowslive.tt.omtrdc.net
0433;11-12-2013T16:36:41;h.live.com
0433;11-12-2013T16:36:41;dub122.mail.live.com
0433;11-12-2013T16:36:42;dub122.mail.live.com
0433;11-12-2013T16:36:44;dub122.mail.live.com
0433;11-12-2013T16:36:46;dub122.mail.live.com
0433;11-12-2013T16:36:47;login.live.com
0433;11-12-2013T16:36:48;dub122.mail.live.com
0433;11-12-2013T16:36:48;h.live.com
0433;11-12-2013T16:36:49;dub122.mail.live.com
0433;11-12-2013T16:36:49;go.trouter.io
0433;11-12-2013T16:36:49;prod.registrar.skype.com
0433;11-12-2013T16:37:47;storage.live.com
0433;11-12-2013T16:37:49;dub122.afx.ms
0433;11-12-2013T16:37:51;dub122.mail.live.com
0433;11-12-2013T16:38:33;dub122.mail.live.com
0433;11-12-2013T16:39:44;dub122.mail.live.com
0433;11-12-2013T16:41:16;api.skype.com
0433;11-12-2013T16:42:39;people.directory.live.com
0433;11-12-2013T16:44:26;h.live.com
0433;11-12-2013T16:46:45;login.live.com
0433;11-12-2013T16:46:47;people.directory.live.com
0433;11-12-2013T16:46:47;cid-0b517a38a82e112f.users.storage.live.com
0433;11-12-2013T16:46:48;go.trouter.io
0433;11-12-2013T16:46:49;login.skype.com
0433;11-12-2013T16:46:50;windowslive.tt.omtrdc.net
0433;11-12-2013T16:46:53;twitter.com
0433;11-12-2013T16:47:24;twitter.com
0433;11-12-2013T17:03:56;login.live.com
0433;11-12-2013T17:03:58;login.live.com
0433;11-12-2013T17:03:58;windowslive.tt.omtrdc.net
0433;11-12-2013T17:04:08;windowslive.tt.omtrdc.net
0433;11-12-2013T17:04:09;login.live.com
0433;11-12-2013T17:04:12;mail.live.com
0433;11-12-2013T17:04:13;h.live.com
0433;11-12-2013T17:04:19;dub122.mail.live.com
0433;11-12-2013T17:04:20;dub122.mail.live.com
0433;11-12-2013T17:04:21;login.live.com
0433;11-12-2013T17:04:22;people.directory.live.com
0433;11-12-2013T17:04:22;windowslive.tt.omtrdc.net
0433;11-12-2013T17:04:22;h.live.com
0433;11-12-2013T17:04:25;h.live.com
0433;11-12-2013T17:04:25;dub122.mail.live.com
0433;11-12-2013T17:04:25;windowslive.tt.omtrdc.net
0433;11-12-2013T17:04:27;twitter.com
0433;11-12-2013T17:04:57;twitter.com
0433;11-12-2013T17:13:12;www.google.fr
0433;11-12-2013T17:13:46;s-static.ak.facebook.com
0433;11-12-2013T17:13:48;apis.google.com
0433;11-12-2013T17:13:48;twitter.com
0433;11-12-2013T17:13:50;accounts.google.com
0433;11-12-2013T17:13:51;twitter.com
0433;11-12-2013T17:13:51;apis.google.com
0433;11-12-2013T17:13:52;apis.google.com
0433;11-12-2013T17:13:57;accounts.google.com
0433;11-12-2013T17:24:59;www.google.fr
0433;11-12-2013T17:25:10;cbks3.google.com
0433;11-12-2013T17:25:12;cbks3.google.com
0433;17-12-2013T13:51:10;login.live.com
0433;17-12-2013T13:51:23;login.live.com
0433;17-12-2013T13:51:53;windowslive.tt.omtrdc.net
0433;17-12-2013T13:52:04;windowslive.tt.omtrdc.net
0433;17-12-2013T13:53:38;login.live.com
0433;17-12-2013T13:53:39;login.live.com
0433;17-12-2013T13:53:49;mail.live.com
0433;17-12-2013T13:53:50;dub122.mail.live.com
0433;17-12-2013T13:53:50;windowslive.tt.omtrdc.net
0433;17-12-2013T13:53:51;dub122.mail.live.com
0433;17-12-2013T13:53:53;h.live.com
0433;17-12-2013T13:53:53;dub122.mail.live.com
0433;17-12-2013T13:53:54;h.live.com
0433;17-12-2013T13:53:54;people.directory.live.com
0433;17-12-2013T13:53:59;h.live.com
0433;17-12-2013T13:54:00;h.live.com
0433;17-12-2013T13:54:01;dub122.mail.live.com
0433;17-12-2013T13:54:03;h.live.com
0433;17-12-2013T13:54:04;h.live.com
0433;17-12-2013T13:54:04;cid-0b517a38a82e112f.users.storage.live.com
0433;17-12-2013T13:54:04;p.sfx.ms
0433;17-12-2013T13:54:04;js.live.net
0433;17-12-2013T13:54:05;secure.shared.live.com
0433;17-12-2013T13:54:08;login.live.com
0433;17-12-2013T13:54:09;go.trouter.io
0433;17-12-2013T13:54:09;secure.shared.live.com
0433;17-12-2013T13:54:09;h.live.com
0433;17-12-2013T13:54:10;storage.live.com
0433;17-12-2013T13:54:10;prod.registrar.skype.com
0433;17-12-2013T13:54:19;g.live.com
0433;17-12-2013T13:54:20;drive.google.com
0433;17-12-2013T13:54:22;www.google.com
0433;17-12-2013T13:54:25;accounts.google.com
0433;17-12-2013T13:54:39;accounts.youtube.com
0433;17-12-2013T13:55:08;accounts.google.fr
0433;17-12-2013T13:55:08;www.google.com
0433;17-12-2013T13:55:09;accounts.google.com
0433;17-12-2013T13:55:09;accounts.youtube.com
0433;17-12-2013T13:55:09;accounts.google.fr
0433;17-12-2013T13:55:09;drive.google.com
0433;17-12-2013T13:55:10;lh3.google.com
0433;17-12-2013T13:55:10;lh5.google.com
0433;17-12-2013T13:55:10;lh6.google.com
0433;17-12-2013T13:55:10;lh4.google.com
0433;17-12-2013T13:55:17;drive.google.com
0433;17-12-2013T13:55:22;dub122.mail.live.com
0433;17-12-2013T13:55:30;secure.shared.live.com
0433;17-12-2013T13:55:35;www.google.com
0433;17-12-2013T13:55:38;lh6.google.com
0433;17-12-2013T13:55:38;lh5.google.com
0433;17-12-2013T13:55:38;lh3.google.com
0433;17-12-2013T13:55:38;lh4.google.com
0433;17-12-2013T13:55:39;lh4.google.com
0433;17-12-2013T13:55:44;dub122.mail.live.com
0433;17-12-2013T13:56:47;api.skype.com
0433;17-12-2013T13:56:47;prod.registrar.skype.com
0433;17-12-2013T13:56:53;lh6.google.com
0433;17-12-2013T13:56:54;login.live.com
0433;17-12-2013T13:56:55;go.trouter.io
0433;17-12-2013T13:56:58;login.skype.com
0433;17-12-2013T13:56:58;windowslive.tt.omtrdc.net
0433;17-12-2013T13:57:00;s-static.ak.facebook.com
0433;17-12-2013T13:57:03;drive.google.com
0433;17-12-2013T13:57:03;twitter.com
0433;18-12-2013T13:41:09;www.hotmail.fr
0433;18-12-2013T13:41:26;google.fr
0433;18-12-2013T13:41:26;www.google.fr
0433;18-12-2013T13:42:04;dub122.mail.live.com
0433;18-12-2013T13:42:04;g.live.com
0433;18-12-2013T13:42:11;maroc.msn.com
0433;18-12-2013T13:42:11;arabia.msn.com
0433;18-12-2013T13:42:12;connect.facebook.net
0433;18-12-2013T13:42:12;maroc.msn.com
0433;18-12-2013T13:42:12;arabia.msn.com
0433;18-12-2013T13:42:12;platform.twitter.com
0433;18-12-2013T13:42:12;c.msn.com
0433;18-12-2013T13:42:13;maroc.msn.com
0433;18-12-2013T13:42:13;arabia.msn.com
0433;18-12-2013T13:42:13;static.ak.facebook.com
0433;18-12-2013T13:42:13;platform.twitter.com
0433;18-12-2013T13:42:14;www.facebook.com
0433;18-12-2013T13:42:14;maroc.msn.com
0433;18-12-2013T13:42:47;www.google.fr
0433;18-12-2013T13:42:47;www.consulat-algerie-saint-etienne.org
0433;18-12-2013T13:42:48;www.consulat-algerie-saint-etienne.org
0433;18-12-2013T13:42:49;www.consulat-algerie-saint-etienne.org
0433;18-12-2013T13:43:04;www.consulat-algerie-saint-etienne.org
0433;18-12-2013T13:43:05;www.consulatalgerie-lyon.org
0433;18-12-2013T13:43:05;www.google.fr
0433;18-12-2013T13:43:05;www.consulat-algerie-saint-etienne.org
0433;18-12-2013T13:43:41;www.consulat-algerie-saint-etienne.org
0433;18-12-2013T13:43:45;www.consulat-algerie-saint-etienne.org
0433;18-12-2013T13:43:46;www.consulat-algerie-saint-etienne.org
0433;18-12-2013T13:44:36;www.consulat-algerie-saint-etienne.org
0433;18-12-2013T15:45:06;armmf.adobe.com
0433;18-12-2013T15:45:09;armdl.adobe.com
0433;18-12-2013T15:47:12;fpdownload2.macromedia.com
0433;18-12-2013T15:47:13;go.microsoft.com
0433;18-12-2013T15:47:13;windows.microsoft.com
0433;18-12-2013T15:47:13;res1.windows.microsoft.com
0433;18-12-2013T15:47:13;res2.windows.microsoft.com
0433;18-12-2013T15:47:13;js.microsoft.com
0433;18-12-2013T15:47:13;ajax.microsoft.com
0433;18-12-2013T15:47:14;windows.microsoft.com
0433;18-12-2013T15:47:14;res2.windows.microsoft.com
0433;18-12-2013T15:47:14;res1.windows.microsoft.com
0433;18-12-2013T15:47:15;js.microsoft.com
0433;18-12-2013T15:47:15;res1.windows.microsoft.com
0433;18-12-2013T15:47:18;www.bing.com
0433;18-12-2013T15:47:24;api.bing.com
0433;18-12-2013T15:47:41;api.bing.com
0433;18-12-2013T15:49:14;google.fr
0433;18-12-2013T15:49:15;www.google.fr
0433;18-12-2013T15:49:34;www.google.fr
0433;18-12-2013T15:49:34;didier.deleglise.free.fr
0433;18-12-2013T15:50:04;dl.javafx.com
0433;18-12-2013T15:56:13;www.google.fr
0433;18-12-2013T15:56:46;www.google.fr
0433;18-12-2013T15:56:46;oracle.developpez.com
0433;18-12-2013T15:56:46;www.google.com
0433;18-12-2013T15:56:46;www.developpez.com
0433;18-12-2013T15:56:46;premium.hi-mediaserver.com
0433;18-12-2013T15:56:47;oracle.developpez.com
0433;18-12-2013T15:57:46;oracle.developpez.com
0433;18-12-2013T15:57:46;www.developpez.com
0433;18-12-2013T15:57:47;www.developpez.com
0433;18-12-2013T15:57:49;oracle.developpez.com
0433;18-12-2013T15:57:49;www.developpez.com
0433;18-12-2013T15:57:53;apnx-match.dotomi.com
0433;18-12-2013T15:57:53;dtm.personalizationmall.com
0433;18-12-2013T15:58:20;oracle.developpez.com
0433;18-12-2013T15:58:20;www.developpez.com
0433;18-12-2013T16:05:46;www.google.fr
0433;18-12-2013T16:05:47;liris.cnrs.fr
0433;18-12-2013T16:07:53;www.google.fr
0433;18-12-2013T16:07:53;www.dba-ora.fr
0433;18-12-2013T16:07:54;idata.over-blog.com
0433;18-12-2013T16:07:54;www.google.com
0433;18-12-2013T16:07:54;fdata.over-blog.net
0433;18-12-2013T16:07:54;img.over-blog.com
0433;18-12-2013T16:07:54;yui.yahooapis.com
0433;18-12-2013T16:07:54;a401.idata.over-blog.com
0433;18-12-2013T16:07:54;www.linkwithin.com
0433;18-12-2013T16:07:54;www.dba-ora.fr
0433;18-12-2013T16:07:54;a54.idata.over-blog.com
0433;18-12-2013T16:07:54;a405.idata.over-blog.com
0433;18-12-2013T16:07:55;www.audienceinsights.net
0433;18-12-2013T16:07:55;www.anonymousdmp.com
0433;18-12-2013T16:07:55;www.dba-ora.fr
0433;18-12-2013T16:07:56;www.google.com
0433;18-12-2013T16:07:56;fdata.over-blog.net
0433;18-12-2013T16:07:57;it3yv1v73b.s.ad6media.fr
0433;18-12-2013T16:07:57;widget5.linkwithin.com
0433;18-12-2013T16:07:57;www.audienceinsights.net
0433;18-12-2013T16:07:58;fdata.over-blog.net
0433;18-12-2013T16:08:11;it3yv1v73b.s.ad6media.fr
0433;18-12-2013T16:08:11;m.ad6media.fr
0433;18-12-2013T16:08:11;www.youtube.com
0433;18-12-2013T16:08:11;style2.ad6.fr
0433;18-12-2013T16:08:11;s.ytimg.com
0433;18-12-2013T16:08:12;s.ytimg.com
0433;18-12-2013T16:08:12;www.youtube.com
0433;18-12-2013T16:08:13;r1---sn-gxo5uxg-jqbe.googlevideo.com
0433;18-12-2013T16:08:13;www.youtube.com
0433;18-12-2013T16:08:13;it3yv1v73b.s.ad6media.fr
0433;18-12-2013T16:08:13;s.youtube.com
0433;18-12-2013T16:08:14;r1---sn-gxo5uxg-jqbe.googlevideo.com
0433;18-12-2013T16:08:14;s.youtube.com
0433;18-12-2013T16:08:16;r1---sn-gxo5uxg-jqbe.googlevideo.com
0433;18-12-2013T16:08:17;r1---sn-gxo5uxg-jqbe.googlevideo.com
0433;18-12-2013T16:08:22;s.youtube.com
0433;18-12-2013T16:08:24;s.youtube.com
0433;18-12-2013T16:08:32;r1---sn-gxo5uxg-jqbe.googlevideo.com
0433;18-12-2013T16:08:34;s.youtube.com
0433;18-12-2013T16:08:39;r1---sn-gxo5uxg-jqbe.googlevideo.com
0433;18-12-2013T16:08:44;s.youtube.com
0433;18-12-2013T16:08:47;r1---sn-gxo5uxg-jqbe.googlevideo.com
0433;18-12-2013T16:08:50;m.ad6media.fr
0433;18-12-2013T16:08:53;s.youtube.com
0433;18-12-2013T16:17:30;www.google.fr
0433;18-12-2013T16:17:52;www.google.fr
0433;18-12-2013T16:17:53;www.techonthenet.com
0433;18-12-2013T16:17:53;www.google.com
0433;18-12-2013T16:17:53;oracle.developpez.com
0433;18-12-2013T16:17:54;www.techonthenet.com
0433;18-12-2013T16:17:55;www.google.com
0433;18-12-2013T16:17:55;www.techonthenet.com
0433;18-12-2013T16:17:55;www.developpez.com
0433;18-12-2013T16:17:56;www.developpez.com
0433;18-12-2013T16:17:58;www.techonthenet.com
0433;18-12-2013T16:26:34;www.google.fr
0433;18-12-2013T16:26:34;www.dba-ora.fr
0433;18-12-2013T16:26:34;fdata.over-blog.net
0433;18-12-2013T16:26:35;fdata.over-blog.net
0433;18-12-2013T16:26:35;a401.idata.over-blog.com
0433;18-12-2013T16:26:35;www.linkwithin.com
0433;18-12-2013T16:26:35;img.over-blog.com
0433;18-12-2013T16:26:35;a54.idata.over-blog.com
0433;18-12-2013T16:26:35;a133.idata.over-blog.com
0433;18-12-2013T16:26:35;a405.idata.over-blog.com
0433;18-12-2013T16:26:35;www.audienceinsights.net
0433;18-12-2013T16:26:36;www.dba-ora.fr
0433;18-12-2013T16:26:37;www.google.com
0433;18-12-2013T16:28:41;www.google.fr
0433;18-12-2013T16:28:51;wikiora.com
0433;18-12-2013T16:28:52;wikiora.com
0433;18-12-2013T16:28:52;translate.google.com
0433;18-12-2013T16:28:52;google.com
0433;18-12-2013T16:28:52;facebook.com
0433;18-12-2013T16:28:52;www.google.com
0433;18-12-2013T16:28:52;www.lemonde.fr
0433;18-12-2013T16:28:52;www.facebook.com
0433;18-12-2013T16:28:52;twitter.com
0433;18-12-2013T16:28:53;wikiora.com
0433;18-12-2013T16:28:54;wikiora.com
0433;18-12-2013T16:28:55;wikiora.com
0433;18-12-2013T16:28:55;hal9000.redintelligence.net
0433;18-12-2013T16:28:56;hal9000.redintelligence.net
0433;18-12-2013T16:28:57;boutique-online.orange.fr
0433;18-12-2013T16:28:57;a.nonstoppartner.net
0433;18-12-2013T16:28:57;banner.nonstoppartner.net
0433;18-12-2013T16:39:20;www.google.fr
0433;18-12-2013T16:39:21;resources.arcgis.com
0433;18-12-2013T16:39:22;resources.arcgis.com
0433;18-12-2013T16:39:23;resources.arcgis.com
0433;18-12-2013T16:39:24;resources.arcgis.com
0433;18-12-2013T16:43:10;www.google.fr
0433;18-12-2013T16:43:10;didier.deleglise.free.fr
0433;18-12-2013T16:46:03;www.google.fr
0433;18-12-2013T16:46:03;oracle.developpez.com
0433;18-12-2013T16:46:03;www.developpez.com
0433;18-12-2013T16:46:03;www.developpez.be
0433;18-12-2013T16:46:03;www.w3.org
0433;18-12-2013T16:46:03;jigsaw.w3.org
0433;18-12-2013T17:13:07;www.zighed.com
0433;18-12-2013T17:13:08;zighed.com
0433;18-12-2013T17:13:08;ajax.googleapis.com
0433;18-12-2013T17:13:09;zighed.com
0433;18-12-2013T17:13:09;www.univ-lyon2.fr
0433;18-12-2013T17:13:09;www.ish-lyon.cnrs.fr
0433;18-12-2013T17:13:09;www.zighed.com
0433;18-12-2013T17:15:14;zighed.com
0433;18-12-2013T17:15:19;zighed.com
0433;18-12-2013T17:17:11;zighed.com
0433;18-12-2013T17:18:53;api.bing.com
0433;18-12-2013T17:18:54;api.bing.com
0433;18-12-2013T17:18:55;api.bing.com
0433;18-12-2013T17:18:56;www.google.fr
0433;18-12-2013T17:19:03;www.google.fr
0433;18-12-2013T17:19:04;www.indeed.fr
0433;18-12-2013T17:19:04;www.google.com
0433;18-12-2013T17:19:20;www.indeed.fr
0433;18-12-2013T17:19:28;www.indeed.fr
0433;18-12-2013T17:19:47;www.indeed.fr
0433;18-12-2013T17:19:47;pagetalent.contactrh.com
0433;18-12-2013T17:19:48;www.pagetalent.fr
0433;18-12-2013T17:19:48;ajax.googleapis.com
0433;18-12-2013T17:19:48;trends.michaelpage.com
0433;18-12-2013T17:20:17;www.pagetalent.fr
0433;18-12-2013T17:20:42;www.indeed.fr
0433;18-12-2013T17:20:42;www.bacpluscinq.com
0433;18-12-2013T17:20:42;www.google.fr
0433;18-12-2013T17:20:43;www.bacpluscinq.com
0433;18-12-2013T17:20:43;www.google.fr
0433;18-12-2013T13:41:19;login.live.com
0433;18-12-2013T13:41:37;login.live.com
0433;18-12-2013T13:41:38;www.google.fr
0433;18-12-2013T13:41:38;login.live.com
0433;18-12-2013T13:41:39;apis.google.com
0433;18-12-2013T13:41:39;login.live.com
0433;18-12-2013T13:41:41;www.google.com
0433;18-12-2013T13:41:44;mail.live.com
0433;18-12-2013T13:41:45;dub122.mail.live.com
0433;18-12-2013T13:41:46;dub122.mail.live.com
0433;18-12-2013T13:41:47;dub122.mail.live.com
0433;18-12-2013T13:41:49;dub122.mail.live.com
0433;18-12-2013T13:41:50;people.directory.live.com
0433;18-12-2013T13:41:52;dub122.mail.live.com
0433;18-12-2013T13:41:53;dub122.mail.live.com
0433;18-12-2013T13:41:54;people.directory.live.com
0433;18-12-2013T13:41:54;dub122.mail.live.com
0433;18-12-2013T13:41:55;dub122.mail.live.com
0433;18-12-2013T13:41:55;h.live.com
0433;18-12-2013T13:41:55;cid-0b517a38a82e112f.users.storage.live.com
0433;18-12-2013T13:41:55;plus.google.com
0433;18-12-2013T13:41:56;windowslive.tt.omtrdc.net
0433;18-12-2013T13:41:56;h.live.com
0433;18-12-2013T13:41:56;dub122.mail.live.com
0433;18-12-2013T13:41:58;dub122.mail.live.com
0433;18-12-2013T13:41:58;h.live.com
0433;18-12-2013T13:41:59;h.live.com
0433;18-12-2013T13:42:03;js.live.net
0433;18-12-2013T13:42:03;windowslive.tt.omtrdc.net
0433;18-12-2013T13:42:04;login.live.com
0433;18-12-2013T13:42:04;p.sfx.ms
0433;18-12-2013T13:42:04;h.live.com
0433;18-12-2013T13:42:11;windowslive.tt.omtrdc.net
0433;18-12-2013T13:42:13;s-static.ak.facebook.com
0433;18-12-2013T13:42:21;twitter.com
0433;18-12-2013T13:42:41;www.google.fr
0433;18-12-2013T13:42:45;www.google.com
0433;18-12-2013T13:42:45;plus.google.com
0433;18-12-2013T13:42:45;apis.google.com
0433;18-12-2013T13:42:47;plus.google.com
0433;18-12-2013T13:42:51;twitter.com
0433;18-12-2013T13:42:57;cbks3.google.com
0433;18-12-2013T15:45:04;armmf.adobe.com
0433;18-12-2013T15:49:12;ieonline.microsoft.com
0433;18-12-2013T15:49:12;go.microsoft.com
0433;18-12-2013T15:49:16;plus.google.com
0433;18-12-2013T15:49:16;apis.google.com
0433;18-12-2013T15:49:17;www.google.com
0433;18-12-2013T15:49:21;plus.google.com
0433;18-12-2013T15:49:56;javadl-esd-secure.oracle.com
0433;18-12-2013T15:49:59;javadl-esd-secure.oracle.com
0433;18-12-2013T15:51:14;www.google.fr
0433;18-12-2013T15:51:14;apis.google.com
0433;18-12-2013T15:51:14;plus.google.com
0433;18-12-2013T15:51:14;www.google.com
0433;18-12-2013T15:56:15;plus.google.com
0433;18-12-2013T15:56:15;www.google.com
0433;18-12-2013T15:56:19;plus.google.com
0433;18-12-2013T15:56:47;www.facebook.com
0433;18-12-2013T15:57:49;rp.gwallet.com
0433;18-12-2013T15:57:51;rp.gwallet.com
0433;18-12-2013T15:57:52;pixel2368.everesttech.net
0433;18-12-2013T15:58:13;www.google.fr
0433;18-12-2013T15:58:13;plus.google.com
0433;18-12-2013T15:58:13;www.google.com
0433;18-12-2013T15:59:50;pixel2368.everesttech.net
0433;18-12-2013T16:00:27;plus.google.com
0433;18-12-2013T16:03:11;plus.google.com
0433;18-12-2013T16:07:06;www.google.fr
0433;18-12-2013T16:07:31;plus.google.com
0433;18-12-2013T16:07:54;apis.google.com
0433;18-12-2013T16:07:55;apis.google.com
0433;18-12-2013T16:07:55;accounts.google.com
0433;18-12-2013T16:07:56;accounts.google.com
0433;18-12-2013T16:17:54;apis.google.com
0433;18-12-2013T16:17:55;apis.google.com
0433;18-12-2013T16:17:56;apis.google.com
0433;18-12-2013T16:17:56;accounts.google.com
0433;18-12-2013T16:17:57;apis.google.com
0433;18-12-2013T16:17:57;accounts.google.com
0433;18-12-2013T16:18:18;www.google.fr
0433;18-12-2013T16:21:58;plus.google.com
0433;18-12-2013T16:26:35;www.google.fr
0433;18-12-2013T16:26:37;apis.google.com
0433;18-12-2013T16:26:38;rp.gwallet.com
0433;18-12-2013T16:26:42;rp.gwallet.com
0433;18-12-2013T16:28:07;accounts.google.com
0433;18-12-2013T16:28:53;www.paypal.com
0433;18-12-2013T16:28:53;translate.googleapis.com
0433;18-12-2013T16:28:55;www.google.com
0433;18-12-2013T16:28:56;translate.googleapis.com
0433;18-12-2013T16:28:56;www.google.com
0433;18-12-2013T16:28:56;banniere.reussissonsensemble.fr
0433;18-12-2013T16:29:07;banniere.reussissonsensemble.fr
0433;18-12-2013T16:29:10;banniere.reussissonsensemble.fr
0433;18-12-2013T16:30:12;www.google.fr
0433;18-12-2013T16:40:22;www.google.fr
0433;18-12-2013T16:41:36;plus.google.com
0433;18-12-2013T17:01:33;plus.google.com
0433;18-12-2013T17:18:57;plus.google.com
0433;18-12-2013T17:18:57;www.google.com
0433;18-12-2013T17:19:02;plus.google.com
0433;18-12-2013T17:19:04;www.google.fr
0433;18-12-2013T17:19:04;plus.google.com
0433;18-12-2013T17:19:32;careers.atos.net
0433;18-12-2013T17:19:33;careers.atos.net
0433;18-12-2013T17:20:42;careers.atos.net
0433;18-12-2013T17:20:42;ajax.googleapis.com
0433;18-12-2013T17:20:58;ajax.googleapis.com
0433;27-1-2014T12:34:29;fpdownload2.macromedia.com
0433;27-1-2014T12:34:29;go.microsoft.com
0433;27-1-2014T12:34:29;windows.microsoft.com
0433;27-1-2014T12:34:29;js.microsoft.com
0433;27-1-2014T12:34:30;res2.windows.microsoft.com
0433;27-1-2014T12:34:30;res1.windows.microsoft.com
0433;27-1-2014T12:34:30;js.microsoft.com
0433;27-1-2014T12:34:30;ajax.microsoft.com
0433;27-1-2014T12:34:30;windows.microsoft.com
0433;27-1-2014T12:34:33;www.hotmail.fr
0433;27-1-2014T12:34:44;www.bing.com
0433;27-1-2014T12:36:15;sndgd.blablacar.com
0433;27-1-2014T12:36:15;www.covoiturage.fr
0433;27-1-2014T12:38:12;www.covoiturage.fr
0433;27-1-2014T12:38:13;www.covoiturage.fr
0433;27-1-2014T12:38:13;connect.facebook.net
0433;27-1-2014T12:38:13;static.ak.facebook.com
0433;27-1-2014T12:38:18;www.covoiturage.fr
0433;27-1-2014T12:38:18;static.ak.facebook.com
0433;27-1-2014T12:38:18;bbcphotos.s3.amazonaws.com
0433;27-1-2014T12:38:31;www.covoiturage.fr
0433;27-1-2014T12:38:32;static.ak.facebook.com
0433;27-1-2014T12:39:09;www.covoiturage.fr
0433;27-1-2014T12:39:09;static.ak.facebook.com
0433;27-1-2014T12:39:09;bbcphotos.s3.amazonaws.com
0433;27-1-2014T12:39:16;www.covoiturage.fr
0433;27-1-2014T12:39:16;static.ak.facebook.com
0433;27-1-2014T12:39:16;bbcphotos.s3.amazonaws.com
0433;27-1-2014T12:39:28;www.covoiturage.fr
0433;27-1-2014T12:39:29;static.ak.facebook.com
0433;27-1-2014T12:39:29;www.covoiturage.fr
0433;27-1-2014T12:39:29;bbcphotos.s3.amazonaws.com
0433;27-1-2014T12:39:38;www.covoiturage.fr
0433;27-1-2014T12:39:53;www.covoiturage.fr
0433;27-1-2014T12:39:53;static.ak.facebook.com
0433;27-1-2014T12:39:53;bbcphotos.s3.amazonaws.com
0433;27-1-2014T12:40:00;www.covoiturage.fr
0433;27-1-2014T12:40:00;static.ak.facebook.com
0433;27-1-2014T12:40:13;www.covoiturage.fr
0433;27-1-2014T12:40:13;s3-eu-west-1.amazonaws.com
0433;27-1-2014T12:40:13;www.facebook.com
0433;27-1-2014T12:40:13;static.ak.facebook.com
0433;27-1-2014T12:40:35;www.covoiturage.fr
0433;27-1-2014T12:40:36;www.covoiturage.fr
0433;27-1-2014T12:40:36;s3-eu-west-1.amazonaws.com
0433;27-1-2014T12:40:36;www.facebook.com
0433;27-1-2014T12:40:36;static.ak.facebook.com
0433;27-1-2014T12:40:37;www.facebook.com
0433;27-1-2014T12:40:37;www.google.com
0433;27-1-2014T12:40:37;www.google.fr
0433;27-1-2014T12:40:39;www.covoiturage.fr
0433;27-1-2014T12:40:39;static.ak.facebook.com
0433;27-1-2014T12:40:39;bbcphotos.s3.amazonaws.com
0433;27-1-2014T12:40:56;www.covoiturage.fr
0433;27-1-2014T12:40:56;static.ak.facebook.com
0433;27-1-2014T12:40:56;maps.google.com
0433;27-1-2014T12:40:56;bbcphotos.s3.amazonaws.com
0433;27-1-2014T12:40:57;bbcphotos.s3.amazonaws.com
0433;27-1-2014T12:41:02;maps.googleapis.com
0433;27-1-2014T12:41:43;maps.googleapis.com
0433;27-1-2014T12:41:43;www.covoiturage.fr
0433;27-1-2014T12:41:43;mt1.googleapis.com
0433;27-1-2014T12:41:43;mt0.googleapis.com
0433;27-1-2014T12:41:44;maps.googleapis.com
0433;27-1-2014T12:41:48;maps.googleapis.com
0433;27-1-2014T12:42:05;www.covoiturage.fr
0433;27-1-2014T12:54:54;www.covoiturage.fr
0433;27-1-2014T12:54:54;static.ak.facebook.com
0433;27-1-2014T12:55:24;www.covoiturage.fr
0433;27-1-2014T13:07:14;google.fr
0433;27-1-2014T13:07:14;www.google.fr
0433;27-1-2014T13:11:39;www.google.fr
0433;27-1-2014T13:11:39;www.societe.com
0433;27-1-2014T13:11:39;img.societe.com
0433;27-1-2014T13:11:39;img2.societe.com
0433;27-1-2014T13:11:39;img1.societe.com
0433;27-1-2014T13:11:40;img6.societe.com
0433;27-1-2014T13:11:40;img4.societe.com
0433;27-1-2014T13:11:40;img5.societe.com
0433;27-1-2014T13:11:43;img16.societe.com
0433;27-1-2014T13:11:43;img15.societe.com
0433;27-1-2014T13:11:43;img12.societe.com
0433;27-1-2014T13:11:44;jc56sahxep.s.ad6media.fr
0433;27-1-2014T13:11:52;www.societe.com
0433;27-1-2014T13:11:52;img1.societe.com
0433;27-1-2014T13:11:52;img2.societe.com
0433;27-1-2014T13:11:53;rs.mediapostcommunication.net
0433;27-1-2014T13:11:56;av.mediapostcommunication.net
0433;27-1-2014T13:15:01;www.google.fr
0433;27-1-2014T13:15:02;www.pagespro.com
0433;27-1-2014T13:15:02;ciwstat.pagesjaunes.fr
0433;27-1-2014T13:15:09;www.pagespro.com
0433;27-1-2014T13:15:10;www.pagespro.com
0433;27-1-2014T13:17:03;www.pagespro.com
0433;27-1-2014T13:17:10;www.pagespro.com
0433;27-1-2014T13:17:14;www.pagespro.com
0433;27-1-2014T13:17:16;axe.mappy.com
0433;27-1-2014T13:17:16;www.pagespro.com
0433;27-1-2014T13:17:16;ciwstat.pagesjaunes.fr
0433;27-1-2014T13:17:17;axe.mappy.com
0433;27-1-2014T13:17:17;www.pagespro.com
0433;27-1-2014T13:17:18;www.pagespro.com
0433;27-1-2014T13:25:40;manageo.fr
0433;27-1-2014T13:25:40;www.manageo.fr
0433;27-1-2014T13:25:41;www.manageo.fr
0433;27-1-2014T13:25:41;www.manageo.com
0433;27-1-2014T13:25:41;pixel.alephd.com
0433;27-1-2014T13:25:42;www.manageo.fr
0433;27-1-2014T13:25:46;www.manageo.fr
0433;27-1-2014T13:25:50;www.manageo.fr
0433;27-1-2014T13:25:50;pixel.alephd.com
0433;27-1-2014T13:25:51;tc.airfrance.com
0433;27-1-2014T13:25:51;www.google.com
0433;27-1-2014T13:25:59;www.manageo.fr
0433;27-1-2014T13:25:59;pixel.alephd.com
0433;27-1-2014T13:39:02;www.google.fr
0433;27-1-2014T13:39:03;www.pagespro.com
0433;27-1-2014T13:39:03;ciwstat.pagesjaunes.fr
0433;27-1-2014T13:39:59;axe.mappy.com
0433;27-1-2014T13:39:59;www.pagespro.com
0433;27-1-2014T13:39:59;ciwstat.pagesjaunes.fr
0433;27-1-2014T13:54:59;www.pagespro.com
0433;27-1-2014T13:59:04;www.gmail.com
0433;27-1-2014T13:59:04;mail.google.com
0433;27-1-2014T14:03:02;office14client.microsoft.com
0433;27-1-2014T14:03:03;office.microsoft.com
0433;27-1-2014T14:03:11;office.microsoft.com
0433;27-1-2014T14:10:02;www.pagespro.com
0433;27-1-2014T14:25:02;www.pagespro.com
0433;27-1-2014T14:27:37;www.google.fr
0433;27-1-2014T14:36:16;www.google.fr
0433;27-1-2014T14:36:38;www.google.com
0433;27-1-2014T14:36:38;www.google.fr
0433;27-1-2014T14:37:02;www.google.fr
0433;27-1-2014T14:37:02;www.verif.com
0433;27-1-2014T14:37:03;www.verif.com
0433;27-1-2014T14:37:03;customer.misterbell.com
0433;27-1-2014T14:37:03;emailretargeting.com
0433;27-1-2014T14:37:03;dc1w54.wysistat.com
0433;27-1-2014T14:37:04;www.google.com
0433;27-1-2014T14:37:05;www.verif.com
0433;27-1-2014T14:37:05;www.eficiens-serving2.com
0433;27-1-2014T14:37:08;adventori.com
0433;27-1-2014T14:37:12;www.verif.com
0433;27-1-2014T14:37:13;www.verif.com
0433;27-1-2014T14:37:15;apnx-match.dotomi.com
0433;27-1-2014T14:37:15;dc1w54.wysistat.com
0433;27-1-2014T14:37:15;dtm.cusp.com
0433;27-1-2014T14:37:29;www.verif.com
0433;27-1-2014T14:37:30;www.verif.com
0433;27-1-2014T14:37:30;dc1w54.wysistat.com
0433;27-1-2014T14:37:31;de5zarwna0j2q.cloudfront.net
0433;27-1-2014T14:37:31;serve.elasticad.net
0433;27-1-2014T14:37:32;de5zarwna0j2q.cloudfront.net
0433;27-1-2014T14:37:32;files.elasticad.net.s3.amazonaws.com
0433;27-1-2014T14:37:37;www.verif.com
0433;27-1-2014T14:37:37;dc1w54.wysistat.com
0433;27-1-2014T14:38:03;www.verif.com
0433;27-1-2014T14:38:04;dc1w54.wysistat.com
0433;27-1-2014T14:38:04;hal9000.redintelligence.net
0433;27-1-2014T14:38:05;hal9000.redintelligence.net
0433;27-1-2014T14:38:05;n34.hal9000.redintelligence.net
0433;27-1-2014T14:38:05;banniere.reussissonsensemble.fr
0433;27-1-2014T14:38:05;ea.numericable.fr
0433;27-1-2014T14:38:06;www.facebook.com
0433;27-1-2014T14:38:07;i1.cdiscount.com
0433;27-1-2014T14:38:08;i1.cdiscount.com
0433;27-1-2014T14:38:09;www.verif.com
0433;27-1-2014T14:38:09;dc1w54.wysistat.com
0433;27-1-2014T14:38:10;www.verif.com
0433;27-1-2014T14:38:17;www.verif.com
0433;27-1-2014T14:38:23;www.verif.com
0433;27-1-2014T14:38:24;dc1w54.wysistat.com
0433;27-1-2014T14:38:37;www.google.fr
0433;27-1-2014T14:38:37;www.verif.com
0433;27-1-2014T14:38:38;dc1w54.wysistat.com
0433;27-1-2014T14:38:42;www.google.fr
0433;27-1-2014T14:38:42;www.apce.com
0433;27-1-2014T14:38:43;www.apce.com
0433;27-1-2014T14:38:43;media.apce.com
0433;27-1-2014T14:38:43;ajax.googleapis.com
0433;27-1-2014T14:38:43;www.facebook.com
0433;27-1-2014T14:38:48;www.apce.com
0433;27-1-2014T14:40:02;www.pagespro.com
0433;27-1-2014T15:08:05;dub122.mail.live.com
0433;27-1-2014T15:08:05;g.live.com
0433;27-1-2014T15:08:12;maroc.msn.com
0433;27-1-2014T15:08:13;maroc.msn.com
0433;27-1-2014T15:08:13;arabia.msn.com
0433;27-1-2014T15:08:13;connect.facebook.net
0433;27-1-2014T15:08:14;maroc.msn.com
0433;27-1-2014T15:08:15;maroc.msn.com
0433;27-1-2014T15:08:15;platform.twitter.com
0433;27-1-2014T15:08:15;arabia.msn.com
0433;27-1-2014T15:08:15;c.msn.com
0433;27-1-2014T15:08:15;www.facebook.com
0433;27-1-2014T15:08:16;static.ak.facebook.com
0433;27-1-2014T15:08:16;platform.twitter.com
0433;27-1-2014T15:08:16;www.facebook.com
0433;27-1-2014T15:08:17;maroc.msn.com
0433;27-1-2014T12:34:45;login.live.com
0433;27-1-2014T12:35:05;login.live.com
0433;27-1-2014T12:35:06;login.live.com
0433;27-1-2014T12:35:12;mail.live.com
0433;27-1-2014T12:35:12;cid-0b517a38a82e112f.users.storage.live.com
0433;27-1-2014T12:35:17;dub122.mail.live.com
0433;27-1-2014T12:35:18;dub122.mail.live.com
0433;27-1-2014T12:35:18;people.directory.live.com
0433;27-1-2014T12:35:22;windowslive.tt.omtrdc.net
0433;27-1-2014T12:35:23;secure.shared.live.com
0433;27-1-2014T12:35:23;dub122.mail.live.com
0433;27-1-2014T12:35:23;js.live.net
0433;27-1-2014T12:35:23;windowslive.tt.omtrdc.net
0433;27-1-2014T12:35:24;secure.shared.live.com
0433;27-1-2014T12:35:24;api.skype.com
0433;27-1-2014T12:35:26;h.live.com
0433;27-1-2014T12:35:27;h.live.com
0433;27-1-2014T12:35:28;h.live.com
0433;27-1-2014T12:35:29;h.live.com
0433;27-1-2014T12:35:30;go.trouter.io
0433;27-1-2014T12:35:30;people.directory.live.com
0433;27-1-2014T12:35:34;login.live.com
0433;27-1-2014T12:35:34;storage.live.com
0433;27-1-2014T12:35:35;h.live.com
0433;27-1-2014T12:35:36;api.skype.com
0433;27-1-2014T12:35:36;dub122.mail.live.com
0433;27-1-2014T12:35:36;prod.registrar.skype.com
0433;27-1-2014T12:35:36;secure.shared.live.com
0433;27-1-2014T12:35:54;p.sfx.ms
0433;27-1-2014T12:35:54;h.live.com
0433;27-1-2014T12:35:54;dub122.mail.live.com
0433;27-1-2014T12:35:55;dub122.mail.live.com
0433;27-1-2014T12:35:56;h.live.com
0433;27-1-2014T12:35:57;dub122.mail.live.com
0433;27-1-2014T12:35:58;dub122.mail.live.com
0433;27-1-2014T12:36:00;h.live.com
0433;27-1-2014T12:36:01;dub122.mail.live.com
0433;27-1-2014T12:36:01;h.live.com
0433;27-1-2014T12:36:06;h.live.com
0433;27-1-2014T12:36:06;dub122.mail.live.com
0433;27-1-2014T12:36:07;dub122.mail.live.com
0433;27-1-2014T12:36:09;dub122.mail.live.com
0433;27-1-2014T12:36:14;dub122.mail.live.com
0433;27-1-2014T12:36:17;h.live.com
0433;27-1-2014T12:36:28;dub122.mail.live.com
0433;27-1-2014T12:36:28;g.live.com
0433;27-1-2014T12:36:28;cid-0b517a38a82e112f.users.storage.live.com
0433;27-1-2014T12:36:28;www.facebook.com
0433;27-1-2014T12:36:28;h.live.com
0433;27-1-2014T12:36:29;www.covoiturage.fr
0433;27-1-2014T12:36:30;www.covoiturage.fr
0433;27-1-2014T12:36:31;h.live.com
0433;27-1-2014T12:36:31;dub122.mail.live.com
0433;27-1-2014T12:36:35;connect.facebook.net
0433;27-1-2014T12:36:35;www.covoiturage.fr
0433;27-1-2014T12:36:35;s-static.ak.facebook.com
0433;27-1-2014T12:36:35;www.facebook.com
0433;27-1-2014T12:36:37;www.facebook.com
0433;27-1-2014T12:36:48;s-static.ak.facebook.com
0433;27-1-2014T12:36:48;www.facebook.com
0433;27-1-2014T12:37:30;ieonline.microsoft.com
0433;27-1-2014T12:37:31;go.microsoft.com
0433;27-1-2014T12:37:37;h.live.com
0433;27-1-2014T12:37:38;s-static.ak.facebook.com
0433;27-1-2014T12:37:38;www.facebook.com
0433;27-1-2014T12:37:40;dub122.mail.live.com
0433;27-1-2014T12:37:44;dub122.mail.live.com
0433;27-1-2014T12:37:53;www.facebook.com
0433;27-1-2014T12:37:53;s-static.ak.facebook.com
0433;27-1-2014T12:38:12;connect.facebook.net
0433;27-1-2014T12:38:13;s-static.ak.facebook.com
0433;27-1-2014T12:38:13;www.facebook.com
0433;27-1-2014T12:38:18;s-static.ak.facebook.com
0433;27-1-2014T12:38:18;www.facebook.com
0433;27-1-2014T12:38:19;www.facebook.com
0433;27-1-2014T12:38:32;s-static.ak.facebook.com
0433;27-1-2014T12:38:32;www.facebook.com
0433;27-1-2014T12:39:09;www.facebook.com
0433;27-1-2014T12:39:09;s-static.ak.facebook.com
0433;27-1-2014T12:39:10;www.facebook.com
0433;27-1-2014T12:39:13;dub122.mail.live.com
0433;27-1-2014T12:39:16;s-static.ak.facebook.com
0433;27-1-2014T12:39:16;www.facebook.com
0433;27-1-2014T12:39:17;www.facebook.com
0433;27-1-2014T12:39:29;s-static.ak.facebook.com
0433;27-1-2014T12:39:29;www.facebook.com
0433;27-1-2014T12:39:40;www.facebook.com
0433;27-1-2014T12:39:40;s-static.ak.facebook.com
0433;27-1-2014T12:39:44;www.facebook.com
0433;27-1-2014T12:39:44;s-static.ak.facebook.com
0433;27-1-2014T12:39:53;s-static.ak.facebook.com
0433;27-1-2014T12:39:53;www.facebook.com
0433;27-1-2014T12:40:00;www.facebook.com
0433;27-1-2014T12:40:00;s-static.ak.facebook.com
0433;27-1-2014T12:40:14;www.facebook.com
0433;27-1-2014T12:40:36;s-static.ak.facebook.com
0433;27-1-2014T12:40:39;s-static.ak.facebook.com
0433;27-1-2014T12:40:39;www.facebook.com
0433;27-1-2014T12:40:40;www.facebook.com
0433;27-1-2014T12:40:57;www.facebook.com
0433;27-1-2014T12:41:27;dub122.mail.live.com
0433;27-1-2014T12:41:28;dub122.mail.live.com
0433;27-1-2014T12:41:29;dub122.mail.live.com
0433;27-1-2014T12:41:30;h.live.com
0433;27-1-2014T12:41:33;proxy-bay-people.directory.live.com
0433;27-1-2014T12:42:06;www.facebook.com
0433;27-1-2014T12:42:06;s-static.ak.facebook.com
0433;27-1-2014T12:42:15;s-static.ak.facebook.com
0433;27-1-2014T12:42:15;www.facebook.com
0433;27-1-2014T12:42:19;s-static.ak.facebook.com
0433;27-1-2014T12:42:19;www.facebook.com
0433;27-1-2014T12:42:20;www.covoiturage.fr
0433;27-1-2014T12:43:13;dub122.mail.live.com
0433;27-1-2014T12:44:03;dub122.mail.live.com
0433;27-1-2014T12:44:13;dub122.mail.live.com
0433;27-1-2014T12:44:14;proxy-bay-people.directory.live.com
0433;27-1-2014T12:44:15;h.live.com
0433;27-1-2014T12:44:20;dub122.afx.ms
0433;27-1-2014T12:44:21;p.sfx.ms
0433;27-1-2014T12:45:52;docs.google.com
0433;27-1-2014T12:45:53;docs.google.com
0433;27-1-2014T12:45:56;www.google.com
0433;27-1-2014T12:47:58;www.google.com
0433;27-1-2014T12:49:18;proxy-bay-people.directory.live.com
0433;27-1-2014T12:51:21;p.sfx.ms
0433;27-1-2014T12:54:54;www.facebook.com
0433;27-1-2014T12:54:54;s-static.ak.facebook.com
0433;27-1-2014T12:55:09;h.live.com
0433;27-1-2014T12:55:10;proxy-bay-people.directory.live.com
0433;27-1-2014T12:55:10;dub122.mail.live.com
0433;27-1-2014T12:55:17;bbcphotos.s3.amazonaws.com
0433;27-1-2014T12:55:18;bbcphotos.s3.amazonaws.com
0433;27-1-2014T12:55:21;bbcphotos.s3.amazonaws.com
0433;27-1-2014T12:55:22;bbcphotos.s3.amazonaws.com
0433;27-1-2014T12:55:24;h.live.com
0433;27-1-2014T12:55:24;dub122.mail.live.com
0433;27-1-2014T12:56:24;www.covoiturage.fr
0433;27-1-2014T12:56:25;h.live.com
0433;27-1-2014T12:58:04;h.live.com
0433;27-1-2014T12:58:07;dub122.mail.live.com
0433;27-1-2014T12:59:28;h.live.com
0433;27-1-2014T12:59:33;dub122.afx.ms
0433;27-1-2014T12:59:35;dub122.mail.live.com
0433;27-1-2014T13:01:18;proxy-bay-people.directory.live.com
0433;27-1-2014T13:06:17;proxy-bay-people.directory.live.com
0433;27-1-2014T13:07:28;www.google.fr
0433;27-1-2014T13:07:31;www.google.com
0433;27-1-2014T13:07:32;apis.google.com
0433;27-1-2014T13:09:32;www.google.fr
0433;27-1-2014T13:09:32;apis.google.com
0433;27-1-2014T13:09:32;www.google.com
0433;27-1-2014T13:11:21;proxy-bay-people.directory.live.com
0433;27-1-2014T13:11:33;www.google.fr
0433;27-1-2014T13:11:43;www.infogreffe.fr
0433;27-1-2014T13:11:44;www.google.fr
0433;27-1-2014T13:11:44;www.infogreffe.fr
0433;27-1-2014T13:11:45;www.infogreffe.fr
0433;27-1-2014T13:11:50;www.infogreffe.fr
0433;27-1-2014T13:12:27;www.infogreffe.fr
0433;27-1-2014T13:13:03;www.infogreffe.fr
0433;27-1-2014T13:13:13;www.google.fr
0433;27-1-2014T13:15:09;ajax.googleapis.com
0433;27-1-2014T13:16:49;www.google.fr
0433;27-1-2014T13:19:28;dub122.mail.live.com
0433;27-1-2014T13:19:28;h.live.com
0433;27-1-2014T13:19:29;dub122.afx.ms
0433;27-1-2014T13:19:34;dub122.mail.live.com
0433;27-1-2014T13:21:00;h.live.com
0433;27-1-2014T13:22:48;proxy-bay-people.directory.live.com
0433;27-1-2014T13:23:51;proxy-bay-people.directory.live.com
0433;27-1-2014T13:27:23;dub122.mail.live.com
0433;27-1-2014T13:27:24;h.live.com
0433;27-1-2014T13:28:51;proxy-bay-people.directory.live.com
0433;27-1-2014T13:29:56;dub122.mail.live.com
0433;27-1-2014T13:29:59;h.live.com
0433;27-1-2014T13:31:55;h.live.com
0433;27-1-2014T13:34:00;proxy-bay-people.directory.live.com
0433;27-1-2014T13:37:44;g.live.com
0433;27-1-2014T13:37:57;h.live.com
0433;27-1-2014T13:37:59;dub122.mail.live.com
0433;27-1-2014T13:38:01;dub122.mail.live.com
0433;27-1-2014T13:38:58;proxy-bay-people.directory.live.com
0433;27-1-2014T13:44:02;proxy-bay-people.directory.live.com
0433;27-1-2014T13:49:01;proxy-bay-people.directory.live.com
0433;27-1-2014T13:54:05;proxy-bay-people.directory.live.com
0433;27-1-2014T13:58:38;proxy-bay-people.directory.live.com
0433;27-1-2014T13:58:39;dub122.afx.ms
0433;27-1-2014T13:58:40;dub122.mail.live.com
0433;27-1-2014T13:58:41;dub122.mail.live.com
0433;27-1-2014T13:58:43;h.live.com
0433;27-1-2014T13:58:43;dub122.mail.live.com
0433;27-1-2014T13:58:43;dub122.afx.ms
0433;27-1-2014T13:58:56;secure.footprint.net
0433;27-1-2014T13:59:18;accounts.google.com
0433;27-1-2014T13:59:20;mail.google.com
0433;27-1-2014T13:59:23;mail.google.com
0433;27-1-2014T13:59:25;www.google.com
0433;27-1-2014T13:59:30;accounts.google.com
0433;27-1-2014T13:59:30;mail.google.com
0433;27-1-2014T13:59:30;www.google.com
0433;27-1-2014T13:59:37;accounts.youtube.com
0433;27-1-2014T13:59:39;apis.google.com
0433;27-1-2014T13:59:44;h.live.com
0433;27-1-2014T13:59:55;accounts.google.fr
0433;27-1-2014T13:59:58;mail.google.com
0433;27-1-2014T14:00:41;clients2.google.com
0433;27-1-2014T14:01:52;mail.google.com
0433;27-1-2014T14:01:54;mail.google.com
0433;27-1-2014T14:01:57;accounts.google.com
0433;27-1-2014T14:01:57;accounts.youtube.com
0433;27-1-2014T14:01:57;accounts.google.fr
0433;27-1-2014T14:01:57;clients2.google.com
0433;27-1-2014T14:01:57;mail.google.com
0433;27-1-2014T14:01:57;www.google.com
0433;27-1-2014T14:01:58;mail.google.com
0433;27-1-2014T14:01:58;apis.google.com
0433;27-1-2014T14:02:01;talkgadget.google.com
0433;27-1-2014T14:02:01;plus.google.com
0433;27-1-2014T14:02:02;talkgadget.google.com
0433;27-1-2014T14:02:02;accounts.google.com
0433;27-1-2014T14:02:04;talkgadget.google.com
0433;27-1-2014T14:02:05;mail.google.com
0433;27-1-2014T14:02:05;clients6.google.com
0433;27-1-2014T14:02:05;plus.google.com
0433;27-1-2014T14:02:06;clients6.google.com
0433;27-1-2014T14:02:07;talkgadget.google.com
0433;27-1-2014T14:02:08;talkgadget.google.com
0433;27-1-2014T14:02:08;accounts.google.com
0433;27-1-2014T14:02:08;apis.google.com
0433;27-1-2014T14:02:08;clients6.google.com
0433;27-1-2014T14:02:08;plus.google.com
0433;27-1-2014T14:02:09;clients6.google.com
0433;27-1-2014T14:02:09;talkgadget.google.com
0433;27-1-2014T14:02:10;clients6.google.com
0433;27-1-2014T14:02:10;apis.google.com
0433;27-1-2014T14:02:10;plus.google.com
0433;27-1-2014T14:02:10;drive.google.com
0433;27-1-2014T14:02:13;talkgadget.google.com
0433;27-1-2014T14:02:14;mail.google.com
0433;27-1-2014T14:02:14;clients6.google.com
0433;27-1-2014T14:02:15;clients6.google.com
0433;27-1-2014T14:02:17;clients6.google.com
0433;27-1-2014T14:02:21;talkgadget.google.com
0433;27-1-2014T14:02:24;talkgadget.google.com
0433;27-1-2014T14:02:24;mail.google.com
0433;27-1-2014T14:02:24;clients6.google.com
0433;27-1-2014T14:02:25;clients6.google.com
0433;27-1-2014T14:02:31;clients6.google.com
0433;27-1-2014T14:02:32;mail.google.com
0433;27-1-2014T14:02:32;www.google.com
0433;27-1-2014T14:02:32;drive.google.com
0433;27-1-2014T14:02:32;clients6.google.com
0433;27-1-2014T14:02:34;mail.google.com
0433;27-1-2014T14:02:43;clients6.google.com
0433;27-1-2014T14:02:52;mail.google.com
0433;27-1-2014T14:02:53;drive.google.com
0433;27-1-2014T14:02:53;apis.google.com
0433;27-1-2014T14:02:53;clients6.google.com
0433;27-1-2014T14:02:53;talkgadget.google.com
0433;27-1-2014T14:02:53;www.google.com
0433;27-1-2014T14:02:53;mail.google.com
0433;27-1-2014T14:02:54;talkgadget.google.com
0433;27-1-2014T14:02:55;talkgadget.google.com
0433;27-1-2014T14:04:08;proxy-bay-people.directory.live.com
0433;27-1-2014T14:04:54;word-view.officeapps.live.com
0433;27-1-2014T14:04:56;word-view.officeapps.live.com
0433;27-1-2014T14:04:56;dub122.mail.live.com
0433;27-1-2014T14:04:57;go.trouter.io
0433;27-1-2014T14:05:04;h.live.com
0433;27-1-2014T14:05:04;dub122.mail.live.com
0433;27-1-2014T14:05:10;login.live.com
0433;27-1-2014T14:05:11;dub122.mail.live.com
0433;27-1-2014T14:05:11;go.trouter.io
0433;27-1-2014T14:05:11;prod.registrar.skype.com
0433;27-1-2014T14:05:12;prod.registrar.skype.com
0433;27-1-2014T14:05:59;go.trouter.io
0433;27-1-2014T14:08:53;prod.registrar.skype.com
0433;27-1-2014T14:08:54;prod.registrar.skype.com
0433;27-1-2014T14:09:11;go.trouter.io
0433;27-1-2014T14:09:33;go.trouter.io
0433;27-1-2014T14:09:35;dub122.mail.live.com
0433;27-1-2014T14:10:12;h.live.com
0433;27-1-2014T14:10:14;dub122.afx.ms
0433;27-1-2014T14:10:15;dub122.afx.ms
0433;27-1-2014T14:10:39;dub122.mail.live.com
0433;27-1-2014T14:13:58;h.live.com
0433;27-1-2014T14:15:29;h.live.com
0433;27-1-2014T14:15:34;dub122.mail.live.com
0433;27-1-2014T14:15:35;h.live.com
0433;27-1-2014T14:16:35;dub122.mail.live.com
0433;27-1-2014T14:17:36;dub122.mail.live.com
0433;27-1-2014T14:18:40;dub122.mail.live.com
0433;27-1-2014T14:22:39;dub122.mail.live.com
0433;27-1-2014T14:23:40;dub122.mail.live.com
0433;27-1-2014T14:24:41;dub122.mail.live.com
0433;27-1-2014T14:25:42;dub122.mail.live.com
0433;27-1-2014T14:26:09;dub122.mail.live.com
0433;27-1-2014T14:26:19;dub122.mail.live.com
0433;27-1-2014T14:27:43;dub122.mail.live.com
0433;27-1-2014T14:27:49;www.google.fr
0433;27-1-2014T14:28:44;dub122.mail.live.com
0433;27-1-2014T14:29:14;www.google.fr
0433;27-1-2014T14:29:32;dub122.afx.ms
0433;27-1-2014T14:29:55;dub122.mail.live.com
0433;27-1-2014T14:30:12;accounts.google.com
0433;27-1-2014T14:30:42;dub122.mail.live.com
0433;27-1-2014T14:31:48;accounts.google.com
0433;27-1-2014T14:31:55;dub122.mail.live.com
0433;27-1-2014T14:32:58;dub122.mail.live.com
0433;27-1-2014T14:36:27;www.google.fr
0433;27-1-2014T14:36:59;dub122.mail.live.com
0433;27-1-2014T14:37:26;pixel2368.everesttech.net
0433;27-1-2014T14:38:46;apis.google.com
0433;27-1-2014T14:38:48;apis.google.com
0433;27-1-2014T14:38:48;accounts.google.com
0433;27-1-2014T14:38:58;twitter.com
0433;27-1-2014T14:38:59;www.google.fr
0433;27-1-2014T14:38:59;www.google.com
0433;27-1-2014T14:38:59;accounts.google.fr
0433;27-1-2014T14:38:59;mail.google.com
0433;27-1-2014T14:38:59;accounts.youtube.com
0433;27-1-2014T14:38:59;accounts.google.com
0433;27-1-2014T14:39:29;twitter.com
0433;27-1-2014T14:40:29;platform.twitter.com
0433;27-1-2014T14:40:59;dub122.mail.live.com
0433;27-1-2014T14:41:23;dub122.mail.live.com
0433;27-1-2014T14:42:00;dub122.mail.live.com
0433;27-1-2014T14:43:01;dub122.mail.live.com
0433;27-1-2014T14:46:02;dub122.mail.live.com
0433;27-1-2014T14:47:04;dub122.mail.live.com
0433;27-1-2014T14:49:04;dub122.mail.live.com
0433;27-1-2014T14:50:05;dub122.mail.live.com
0433;27-1-2014T14:51:06;dub122.mail.live.com
0433;27-1-2014T14:52:07;dub122.mail.live.com
0433;27-1-2014T14:53:07;dub122.mail.live.com
0433;27-1-2014T14:54:10;dub122.mail.live.com
0433;27-1-2014T14:55:16;dub122.mail.live.com
0433;27-1-2014T14:57:13;dub122.mail.live.com
0433;27-1-2014T14:57:52;dub122.mail.live.com
0433;27-1-2014T14:57:56;dub122.mail.live.com
0433;27-1-2014T14:57:58;h.live.com
0433;27-1-2014T14:57:59;dub122.mail.live.com
0433;27-1-2014T14:58:05;h.live.com
0433;27-1-2014T14:58:07;windowslive.tt.omtrdc.net
0433;27-1-2014T14:58:07;login.live.com
0433;27-1-2014T14:58:08;go.trouter.io
0433;27-1-2014T14:58:09;storage.live.com
0433;27-1-2014T14:58:10;people.directory.live.com
0433;27-1-2014T14:58:11;h.live.com
0433;27-1-2014T14:58:11;prod.registrar.skype.com
0433;27-1-2014T14:58:22;windowslive.tt.omtrdc.net
0433;27-1-2014T14:59:10;dub122.mail.live.com
0433;27-1-2014T14:59:13;dub122.mail.live.com
0433;27-1-2014T14:59:56;dub122.mail.live.com
0433;27-1-2014T15:00:23;dub122.mail.live.com
0433;27-1-2014T15:01:13;dub122.mail.live.com
0433;27-1-2014T15:01:24;dub122.mail.live.com
0433;27-1-2014T15:02:24;dub122.mail.live.com
0433;27-1-2014T15:02:56;api.skype.com
0433;27-1-2014T15:03:24;dub122.mail.live.com
0433;27-1-2014T15:04:08;proxy-bay-people.directory.live.com
0433;27-1-2014T15:04:26;dub122.mail.live.com
0433;27-1-2014T15:05:17;dub122.mail.live.com
0433;27-1-2014T15:05:24;h.live.com
0433;27-1-2014T15:05:27;dub122.afx.ms
0433;27-1-2014T15:05:27;dub122.mail.live.com
0433;27-1-2014T15:05:35;proxy-bay-people.directory.live.com
0433;27-1-2014T15:06:20;h.live.com
0433;27-1-2014T15:06:20;dub122.mail.live.com
0433;27-1-2014T15:06:21;dub122.mail.live.com
0433;27-1-2014T15:06:22;dub122.mail.live.com
0433;27-1-2014T15:06:23;dub122.mail.live.com
0433;27-1-2014T15:06:28;dub122.mail.live.com
0433;27-1-2014T15:07:00;go.trouter.io
0433;27-1-2014T15:07:21;h.live.com
0433;27-1-2014T15:07:22;h.live.com
0433;27-1-2014T15:07:24;dub122.mail.live.com
0433;27-1-2014T15:07:25;dub122.mail.live.com
0433;27-1-2014T15:07:31;dub122.afx.ms
0433;27-1-2014T15:07:38;h.live.com
0433;27-1-2014T15:07:39;dub122.mail.live.com
0433;27-1-2014T15:07:56;h.live.com
0433;27-1-2014T15:07:59;dub122.mail.live.com
0433;27-1-2014T15:08:04;login.live.com
0433;27-1-2014T15:08:04;go.trouter.io
0433;27-1-2014T15:08:05;h.live.com
0433;27-1-2014T15:08:06;login.skype.com
0433;27-1-2014T15:08:10;windowslive.tt.omtrdc.net
0433;29-1-2014T13:38:07;armmf.adobe.com
0433;29-1-2014T13:38:10;armmf.adobe.com
0433;29-1-2014T13:38:13;armdl.adobe.com
0433;29-1-2014T13:40:22;go.microsoft.com
0433;29-1-2014T13:40:22;windows.microsoft.com
0433;29-1-2014T13:40:22;res1.windows.microsoft.com
0433;29-1-2014T13:40:22;res2.windows.microsoft.com
0433;29-1-2014T13:40:22;js.microsoft.com
0433;29-1-2014T13:40:23;res1.windows.microsoft.com
0433;29-1-2014T13:40:23;js.microsoft.com
0433;29-1-2014T13:40:23;ajax.microsoft.com
0433;29-1-2014T13:40:23;res2.windows.microsoft.com
0433;29-1-2014T13:40:23;windows.microsoft.com
0433;29-1-2014T13:40:24;res1.windows.microsoft.com
0433;29-1-2014T13:40:27;www.bing.com
0433;29-1-2014T13:40:39;api.bing.com
0433;29-1-2014T13:40:42;google.fr
0433;29-1-2014T13:40:42;www.google.fr
0433;29-1-2014T13:42:56;dl.javafx.com
0433;29-1-2014T13:43:08;www.google.fr
0433;29-1-2014T13:43:10;www.talend.com
0433;29-1-2014T13:43:11;www.talend.com
0433;29-1-2014T13:43:12;www.talend.com
0433;29-1-2014T13:43:12;info.talend.com
0433;29-1-2014T13:43:13;www.talend.com
0433;29-1-2014T13:43:13;347-iat-677.mktoresp.com
0433;29-1-2014T13:43:14;www.talend.com
0433;29-1-2014T13:43:14;info.talend.com
0433;29-1-2014T13:43:29;www.talend.com
0433;29-1-2014T13:43:42;www.talend.com
0433;29-1-2014T13:43:43;www.talend.com
0433;29-1-2014T13:43:50;www.talend.com
0433;29-1-2014T13:56:41;www.talend.com
0433;29-1-2014T15:02:49;www.talend.com
0433;29-1-2014T15:02:50;www.talend.com
0433;29-1-2014T15:17:46;www.talend.com
0433;29-1-2014T15:20:26;api.bing.com
0433;29-1-2014T15:22:07;api.bing.com
0433;29-1-2014T15:23:55;api.bing.com
0433;29-1-2014T16:28:09;www.oracle.com
0433;29-1-2014T16:28:10;apex.oracle.com
0433;29-1-2014T16:28:10;www.oracle.com
0433;29-1-2014T16:29:28;www.oracle.com
0433;29-1-2014T16:29:30;apex.oracle.com
0433;29-1-2014T16:29:30;www.oracle.com
0433;29-1-2014T16:35:49;api.bing.com
0433;29-1-2014T16:46:13;www.google.fr
0433;29-1-2014T16:46:57;www.google.fr
0433;29-1-2014T16:46:58;www.developpez.net
0433;29-1-2014T16:46:58;www.google.com
0433;29-1-2014T16:46:58;ajax.googleapis.com
0433;29-1-2014T16:46:59;www.developpez.net
0433;29-1-2014T16:46:59;premium.hi-mediaserver.com
0433;29-1-2014T16:47:26;www.google.fr
0433;29-1-2014T16:47:26;www.commentcamarche.net
0433;29-1-2014T16:47:27;static.ccm2.net
0433;29-1-2014T16:47:27;ba.commentcamarche.net
0433;29-1-2014T16:47:27;r.ccm2.net
0433;29-1-2014T16:47:27;www.facebook.com
0433;29-1-2014T16:47:27;platform.twitter.com
0433;29-1-2014T16:47:28;static.ccm2.net
0433;29-1-2014T16:47:28;ba.commentcamarche.net
0433;29-1-2014T16:47:28;connect.facebook.net
0433;29-1-2014T16:47:28;www.linternaute.com
0433;29-1-2014T16:47:28;static.ak.facebook.com
0433;29-1-2014T16:47:28;www.facebook.com
0433;29-1-2014T16:47:28;platform.twitter.com
0433;29-1-2014T16:47:28;static.ccmbg.com
0433;29-1-2014T16:47:29;www.google.com
0433;29-1-2014T16:47:29;rp.gwallet.com
0433;29-1-2014T16:47:29;www.commentcamarche.net
0433;29-1-2014T16:53:01;www.google.fr
0433;29-1-2014T16:53:02;www.commentcamarche.net
0433;29-1-2014T16:53:02;ba.commentcamarche.net
0433;29-1-2014T16:53:02;www.facebook.com
0433;29-1-2014T16:53:03;pixel.alephd.com
0433;29-1-2014T16:53:03;www.commentcamarche.net
0433;29-1-2014T16:53:03;www.facebook.com
0433;29-1-2014T16:53:03;platform.twitter.com
0433;29-1-2014T16:53:03;static.ccm2.net
0433;29-1-2014T16:53:03;ba.commentcamarche.net
0433;29-1-2014T16:53:03;static.ak.facebook.com
0433;29-1-2014T16:53:04;www.facebook.com
0433;29-1-2014T16:53:12;static.ccm2.net
0433;29-1-2014T17:12:59;api.bing.com
0433;29-1-2014T17:13:00;www.google.fr
0433;29-1-2014T17:13:34;www.google.fr
0433;29-1-2014T17:13:37;www.developpez.net
0433;29-1-2014T17:18:32;www.google.fr
0433;29-1-2014T17:18:32;www.talendforge.org
0433;29-1-2014T17:18:32;info.talend.com
0433;29-1-2014T17:18:32;www.magiclogixstaging.com
0433;29-1-2014T17:18:33;www.talendforge.org
0433;29-1-2014T17:18:33;www.talend.com
0433;29-1-2014T17:18:33;archive.talend.com
0433;29-1-2014T17:18:33;magiclogix.com
0433;29-1-2014T17:18:34;www.magiclogix.com
0433;29-1-2014T17:18:34;www.talendforge.org
0433;29-1-2014T17:18:34;347-iat-677.mktoresp.com
0433;29-1-2014T17:29:57;www.developpez.net
0433;29-1-2014T17:29:58;www.developpez.net
0433;29-1-2014T17:29:58;www.google.com
0433;29-1-2014T13:38:05;armmf.adobe.com
0433;29-1-2014T13:38:08;armmf.adobe.com
0433;29-1-2014T13:40:43;www.google.fr
0433;29-1-2014T13:40:44;www.google.com
0433;29-1-2014T13:40:45;apis.google.com
0433;29-1-2014T13:42:12;www.google.fr
0433;29-1-2014T13:42:12;apis.google.com
0433;29-1-2014T13:42:12;www.google.com
0433;29-1-2014T13:42:17;go.microsoft.com
0433;29-1-2014T13:42:39;javadl-esd-secure.oracle.com
0433;29-1-2014T13:42:50;javadl-esd-secure.oracle.com
0433;29-1-2014T13:43:10;www.google.fr
0433;29-1-2014T13:43:11;ajax.googleapis.com
0433;29-1-2014T13:43:12;ajax.googleapis.com
0433;29-1-2014T13:43:13;info.talend.com
0433;29-1-2014T13:43:25;ieonline.microsoft.com
0433;29-1-2014T16:36:48;www.dropbox.com
0433;29-1-2014T16:36:49;www.dropbox.com
0433;29-1-2014T16:36:53;ajax.googleapis.com
0433;29-1-2014T16:37:54;www.dropbox.com
0433;29-1-2014T16:38:43;www.dropbox.com
0433;29-1-2014T16:38:47;ajax.googleapis.com
0433;29-1-2014T16:46:14;www.google.fr
0433;29-1-2014T16:47:27;ajax.googleapis.com
0433;29-1-2014T16:47:28;twitter.com
0433;29-1-2014T16:47:28;s-static.ak.facebook.com
0433;29-1-2014T16:47:28;ajax.googleapis.com
0433;29-1-2014T16:47:59;twitter.com
0433;29-1-2014T16:48:12;www.google.fr
0433;29-1-2014T16:50:03;www.google.fr
0433;29-1-2014T16:53:03;twitter.com
0433;29-1-2014T16:53:03;s-static.ak.facebook.com
0433;29-1-2014T16:53:05;www.facebook.com
0433;29-1-2014T16:53:34;twitter.com
0433;29-1-2014T17:13:01;www.google.fr
0433;29-1-2014T17:15:00;www.google.fr
0433;29-1-2014T17:20:18;www.google.fr
0433;05-2-2014T13:39:52;armmf.adobe.com
0433;05-2-2014T13:39:55;armmf.adobe.com
0433;05-2-2014T13:40:00;armdl.adobe.com
0433;05-2-2014T13:43:42;go.microsoft.com
0433;05-2-2014T13:43:42;windows.microsoft.com
0433;05-2-2014T13:43:42;js.microsoft.com
0433;05-2-2014T13:43:42;res1.windows.microsoft.com
0433;05-2-2014T13:43:42;ajax.microsoft.com
0433;05-2-2014T13:43:42;res2.windows.microsoft.com
0433;05-2-2014T13:43:43;res1.windows.microsoft.com
0433;05-2-2014T13:43:43;res2.windows.microsoft.com
0433;05-2-2014T13:43:43;windows.microsoft.com
0433;05-2-2014T13:43:43;js.microsoft.com
0433;05-2-2014T13:43:45;api.bing.com
0433;05-2-2014T13:43:46;api.bing.com
0433;05-2-2014T13:43:47;www.bing.com
0433;05-2-2014T13:49:36;www.talend.com
0433;05-2-2014T13:49:38;dl.javafx.com
0433;05-2-2014T13:52:42;google.fr
0433;05-2-2014T13:52:42;www.google.fr
0433;05-2-2014T13:52:58;www.google.fr
0433;05-2-2014T13:52:58;www.talendforge.org
0433;05-2-2014T13:52:58;info.talend.com
0433;05-2-2014T13:52:58;www.magiclogixstaging.com
0433;05-2-2014T13:52:59;www.talendforge.org
0433;05-2-2014T13:52:59;magiclogix.com
0433;05-2-2014T13:52:59;www.talend.com
0433;05-2-2014T13:52:59;archive.talend.com
0433;05-2-2014T13:52:59;www.magiclogix.com
0433;05-2-2014T13:53:00;www.talendforge.org
0433;05-2-2014T13:53:00;347-iat-677.mktoresp.com
0433;05-2-2014T13:53:16;347-iat-677.mktoresp.com
0433;05-2-2014T13:53:16;www.talendforge.org
0433;05-2-2014T13:53:17;magiclogix.com
0433;05-2-2014T13:53:17;www.talend.com
0433;05-2-2014T13:53:17;archive.talend.com
0433;05-2-2014T13:53:17;www.magiclogix.com
0433;05-2-2014T13:53:17;347-iat-677.mktoresp.com
0433;05-2-2014T13:53:30;347-iat-677.mktoresp.com
0433;05-2-2014T13:53:30;www.talendforge.org
0433;05-2-2014T13:53:30;magiclogix.com
0433;05-2-2014T13:53:31;www.talend.com
0433;05-2-2014T13:53:31;archive.talend.com
0433;05-2-2014T13:53:31;magiclogix.com
0433;05-2-2014T13:53:31;www.magiclogix.com
0433;05-2-2014T13:53:31;347-iat-677.mktoresp.com
0433;05-2-2014T13:54:16;www.google.fr
0433;05-2-2014T13:54:17;talend-tuto.blogspot.com
0433;05-2-2014T13:54:17;talend-tuto.blogspot.fr
0433;05-2-2014T13:54:17;www.google.com
0433;05-2-2014T13:54:18;ajax.googleapis.com
0433;05-2-2014T13:54:18;2.bp.blogspot.com
0433;05-2-2014T13:54:18;img1.blogblog.com
0433;05-2-2014T13:54:18;haskouse.developpez.com
0433;05-2-2014T13:54:18;img2.blogblog.com
0433;05-2-2014T13:54:18;www.blogblog.com
0433;05-2-2014T13:54:19;translate.google.com
0433;05-2-2014T13:54:19;3.bp.blogspot.com
0433;05-2-2014T13:54:19;www.google.com
0433;05-2-2014T13:54:20;www.google.com
0433;05-2-2014T13:54:21;talend-tuto.blogspot.fr
0433;05-2-2014T13:54:36;api.bing.com
0433;05-2-2014T13:54:37;www.developpez.com
0433;05-2-2014T13:54:37;www.google.com
0433;05-2-2014T13:54:38;www.developpez.net
0433;05-2-2014T13:54:38;www.google.com
0433;05-2-2014T13:54:38;www.developpez.com
0433;05-2-2014T13:54:38;premium.hi-mediaserver.com
0433;05-2-2014T13:54:39;www.developpez.com
0433;05-2-2014T13:54:42;www.developpez.com
0433;05-2-2014T13:54:48;business-intelligence.developpez.com
0433;05-2-2014T13:54:49;business-intelligence.developpez.com
0433;05-2-2014T13:54:49;www.developpez.com
0433;05-2-2014T13:54:49;magazine.developpez.com
0433;05-2-2014T13:54:49;blog.developpez.com
0433;05-2-2014T13:54:49;www.developpez.net
0433;05-2-2014T13:54:50;fpdownload2.macromedia.com
0433;05-2-2014T13:54:51;business-intelligence.developpez.com
0433;05-2-2014T13:54:52;adventori.com
0433;05-2-2014T13:54:52;apnx-match.dotomi.com
0433;05-2-2014T13:54:52;dtm.eddiebauer.com
0433;05-2-2014T13:54:56;talend.developpez.com
0433;05-2-2014T13:54:56;www.developpez.com
0433;05-2-2014T13:54:56;www.developpez.net
0433;05-2-2014T13:54:57;talend.developpez.com
0433;05-2-2014T13:54:57;www.developpez.com
0433;05-2-2014T13:54:57;www.developpez.net
0433;05-2-2014T13:54:58;talend.developpez.com
0433;05-2-2014T13:55:14;www.developpez.com
0433;05-2-2014T13:55:14;business-intelligence.developpez.com
0433;05-2-2014T13:55:14;magazine.developpez.com
0433;05-2-2014T13:55:14;blog.developpez.com
0433;05-2-2014T13:55:15;www.developpez.com
0433;05-2-2014T14:09:35;www.google.fr
0433;05-2-2014T14:09:36;haskouse.developpez.com
0433;05-2-2014T14:09:36;www.developpez.com
0433;05-2-2014T14:09:39;haskouse.developpez.com
0433;05-2-2014T14:12:45;www.oracle.com
0433;05-2-2014T14:12:46;apex.oracle.com
0433;05-2-2014T14:12:46;www.oracle.com
0433;05-2-2014T14:17:26;www.developpez.com
0433;05-2-2014T14:19:42;www.talendforge.org
0433;05-2-2014T14:19:57;www.talendforge.org
0433;05-2-2014T14:19:59;www.talendforge.org
0433;05-2-2014T14:23:43;www.google.fr
0433;05-2-2014T14:24:08;www.google.fr
0433;05-2-2014T14:24:09;notes-de-cours.com
0433;05-2-2014T14:24:09;platform.twitter.com
0433;05-2-2014T14:24:10;connect.facebook.net
0433;05-2-2014T14:24:10;platform.twitter.com
0433;05-2-2014T14:24:10;static.ak.facebook.com
0433;05-2-2014T14:24:10;notes-de-cours.com
0433;05-2-2014T14:24:11;www.facebook.com
0433;05-2-2014T14:24:11;www.google.com
0433;05-2-2014T14:24:11;notes-de-cours.com
0433;05-2-2014T14:24:12;notes-de-cours.com
0433;05-2-2014T14:24:12;www.google.fr
0433;05-2-2014T14:24:14;www.developpez.net
0433;05-2-2014T14:24:14;ajax.googleapis.com
0433;05-2-2014T14:24:15;www.developpez.net
0433;05-2-2014T14:24:40;notes-de-cours.com
0433;05-2-2014T14:25:10;notes-de-cours.com
0433;05-2-2014T14:25:40;notes-de-cours.com
0433;05-2-2014T14:26:10;notes-de-cours.com
0433;05-2-2014T14:26:40;notes-de-cours.com
0433;05-2-2014T14:27:10;notes-de-cours.com
0433;05-2-2014T14:27:40;notes-de-cours.com
0433;05-2-2014T14:28:10;notes-de-cours.com
0433;05-2-2014T14:28:40;notes-de-cours.com
0433;05-2-2014T14:29:10;notes-de-cours.com
0433;05-2-2014T14:29:40;notes-de-cours.com
0433;05-2-2014T14:30:10;notes-de-cours.com
0433;05-2-2014T14:30:40;notes-de-cours.com
0433;05-2-2014T14:31:10;notes-de-cours.com
0433;05-2-2014T14:31:31;www.google.fr
0433;05-2-2014T14:31:32;www.linguee.fr
0433;05-2-2014T14:31:33;www.linguee.fr
0433;05-2-2014T14:31:34;c1.adform.net
0433;05-2-2014T14:31:34;www.facebook.com
0433;05-2-2014T14:31:36;www.linguee.fr
0433;05-2-2014T14:31:39;match.rtbidder.net
0433;05-2-2014T14:31:39;www.linguee.fr
0433;05-2-2014T14:31:40;notes-de-cours.com
0433;05-2-2014T14:32:10;notes-de-cours.com
0433;05-2-2014T14:32:40;notes-de-cours.com
0433;05-2-2014T14:32:51;api.bing.com
0433;05-2-2014T14:33:10;notes-de-cours.com
0433;05-2-2014T14:33:40;notes-de-cours.com
0433;05-2-2014T14:34:10;notes-de-cours.com
0433;05-2-2014T14:34:40;notes-de-cours.com
0433;05-2-2014T14:35:10;notes-de-cours.com
0433;05-2-2014T14:35:40;notes-de-cours.com
0433;05-2-2014T14:36:10;notes-de-cours.com
0433;05-2-2014T14:36:40;notes-de-cours.com
0433;05-2-2014T14:37:10;notes-de-cours.com
0433;05-2-2014T14:37:40;notes-de-cours.com
0433;05-2-2014T14:38:10;notes-de-cours.com
0433;05-2-2014T14:38:43;notes-de-cours.com
0433;05-2-2014T14:46:47;www.google.fr
0433;05-2-2014T14:46:47;www.talendforge.org
0433;05-2-2014T14:46:48;www.talendforge.org
0433;05-2-2014T14:46:48;www.talend.com
0433;05-2-2014T14:46:48;magiclogix.com
0433;05-2-2014T14:46:48;archive.talend.com
0433;05-2-2014T14:46:49;www.magiclogix.com
0433;05-2-2014T14:46:49;347-iat-677.mktoresp.com
0433;05-2-2014T14:46:53;www.talendforge.org
0433;05-2-2014T14:46:54;magiclogix.com
0433;05-2-2014T14:46:54;www.talend.com
0433;05-2-2014T14:46:54;archive.talend.com
0433;05-2-2014T14:46:54;www.magiclogix.com
0433;05-2-2014T14:46:55;347-iat-677.mktoresp.com
0433;05-2-2014T14:48:22;www.google.fr
0433;05-2-2014T14:48:23;business-intelligence.developpez.com
0433;05-2-2014T14:48:23;www.developpez.com
0433;05-2-2014T14:48:23;magazine.developpez.com
0433;05-2-2014T14:48:23;blog.developpez.com
0433;05-2-2014T14:48:24;www.developpez.com
0433;05-2-2014T14:48:26;www.google.fr
0433;05-2-2014T14:48:26;business-intelligence.developpez.com
0433;05-2-2014T14:48:26;www.developpez.com
0433;05-2-2014T14:48:27;www.developpez.com
0433;05-2-2014T14:57:58;www.google.fr
0433;05-2-2014T14:57:59;www.talendforge.org
0433;05-2-2014T14:58:02;www.talendforge.org
0433;05-2-2014T14:58:02;magiclogix.com
0433;05-2-2014T14:58:02;www.talend.com
0433;05-2-2014T14:58:02;archive.talend.com
0433;05-2-2014T14:58:03;www.magiclogix.com
0433;05-2-2014T14:58:03;347-iat-677.mktoresp.com
0433;05-2-2014T15:57:17;www.oracle.com
0433;05-2-2014T15:57:18;apex.oracle.com
0433;05-2-2014T15:57:18;www.oracle.com
0433;05-2-2014T16:12:13;java.sun.com
0433;05-2-2014T16:12:14;download.oracle.com
0433;05-2-2014T16:12:14;docs.oracle.com
0433;05-2-2014T16:12:15;download.oracle.com
0433;05-2-2014T16:12:15;docs.oracle.com
0433;05-2-2014T16:42:20;www.google.fr
0433;05-2-2014T17:33:14;www.talend.com
0433;05-2-2014T17:33:16;www.talend.com
0433;05-2-2014T13:39:50;armmf.adobe.com
0433;05-2-2014T13:39:53;armmf.adobe.com
0433;05-2-2014T13:44:34;javadl-esd-secure.oracle.com
0433;05-2-2014T13:45:37;go.microsoft.com
0433;05-2-2014T13:46:48;ieonline.microsoft.com
0433;05-2-2014T13:49:18;javadl-esd-secure.oracle.com
0433;05-2-2014T13:52:43;www.google.com
0433;05-2-2014T13:52:43;apis.google.com
0433;05-2-2014T13:54:08;www.google.fr
0433;05-2-2014T13:54:17;www.blogger.com
0433;05-2-2014T13:54:18;www.blogger.com
0433;05-2-2014T13:54:18;apis.google.com
0433;05-2-2014T13:54:19;apis.google.com
0433;05-2-2014T13:54:19;www.blogger.com
0433;05-2-2014T13:54:19;img1.blogblog.com
0433;05-2-2014T13:54:19;translate.googleapis.com
0433;05-2-2014T13:54:19;accounts.google.com
0433;05-2-2014T13:54:20;www.blogger.com
0433;05-2-2014T13:54:20;apis.google.com
0433;05-2-2014T13:54:20;accounts.google.com
0433;05-2-2014T13:54:36;apis.google.com
0433;05-2-2014T13:54:36;www.google.com
0433;05-2-2014T13:54:40;www.facebook.com
0433;05-2-2014T13:54:59;pixel2368.everesttech.net
0433;05-2-2014T13:55:14;pixel2368.everesttech.net
0433;05-2-2014T13:56:29;www.google.fr
0433;05-2-2014T13:56:48;translate.googleapis.com
0433;05-2-2014T13:56:48;www.google.com
0433;05-2-2014T14:11:04;www.google.fr
0433;05-2-2014T14:23:44;www.google.fr
0433;05-2-2014T14:24:10;apis.google.com
0433;05-2-2014T14:24:10;s-static.ak.facebook.com
0433;05-2-2014T14:24:11;accounts.google.com
0433;05-2-2014T14:24:11;apis.google.com
0433;05-2-2014T14:24:12;twitter.com
0433;05-2-2014T14:24:42;twitter.com
0433;05-2-2014T14:25:39;www.google.fr
0433;05-2-2014T14:33:03;www.google.fr
0433;05-2-2014T14:33:23;www.dropbox.com
0433;05-2-2014T14:33:24;www.dropbox.com
0433;05-2-2014T14:33:26;ajax.googleapis.com
0433;05-2-2014T14:33:40;ajax.googleapis.com
0433;05-2-2014T14:34:27;www.dropbox.com
0433;05-2-2014T14:34:28;www.dropbox.com
0433;05-2-2014T14:34:32;www.dropbox.com
0433;05-2-2014T14:46:49;info.talend.com
0433;05-2-2014T14:46:50;info.talend.com
0433;05-2-2014T14:46:51;b2c-mlm.marketo.com
0433;05-2-2014T14:46:52;d2yeu2mwujl2s5.cloudfront.net
0433;05-2-2014T14:46:53;info.talend.com
0433;05-2-2014T14:46:53;d2yeu2mwujl2s5.cloudfront.net
0433;05-2-2014T14:46:53;www.talend.com
0433;05-2-2014T14:46:53;347-iat-677.mktoresp.com
0433;05-2-2014T14:46:54;b2c-mlm.marketo.com
0433;05-2-2014T14:47:50;www.google.fr
0433;05-2-2014T14:48:26;d2yeu2mwujl2s5.cloudfront.net
0433;05-2-2014T14:50:12;www.google.fr
0433;05-2-2014T14:59:11;www.google.fr
0433;05-2-2014T16:42:21;www.google.fr
0433;05-2-2014T16:44:20;www.google.fr
0433;07-2-2014T11:44:02;www.hotmail.fr
0433;07-2-2014T11:44:03;www.hotmail.fr
0433;07-2-2014T11:46:18;dub122.mail.live.com
0433;07-2-2014T11:46:19;g.live.com
0433;07-2-2014T11:46:22;connect.facebook.net
0433;07-2-2014T11:46:22;maroc.msn.com
0433;07-2-2014T11:46:22;arabia.msn.com
0433;07-2-2014T11:46:23;maroc.msn.com
0433;07-2-2014T11:46:24;maroc.msn.com
0433;07-2-2014T11:46:24;arabia.msn.com
0433;07-2-2014T11:46:24;platform.twitter.com
0433;07-2-2014T11:46:24;www.facebook.com
0433;07-2-2014T11:46:24;c.msn.com
0433;07-2-2014T11:46:24;static.ak.facebook.com
0433;07-2-2014T11:46:24;fpdownload2.macromedia.com
0433;07-2-2014T11:46:25;maroc.msn.com
0433;07-2-2014T11:46:25;c.msn.com
0433;07-2-2014T11:46:33;www.hotmail.fr
0433;07-2-2014T11:46:53;gmail.com
0433;07-2-2014T11:46:53;mail.google.com
0433;07-2-2014T11:47:05;mail.google.com
0433;07-2-2014T11:53:08;www.google.fr
0433;07-2-2014T12:01:02;api.bing.com
0433;07-2-2014T12:01:03;gmail.com
0433;07-2-2014T12:01:03;mail.google.com
0433;07-2-2014T12:11:05;www.google.fr
0433;07-2-2014T11:44:13;login.live.com
0433;07-2-2014T11:44:15;login.live.com
0433;07-2-2014T11:44:33;login.live.com
0433;07-2-2014T11:44:34;login.live.com
0433;07-2-2014T11:44:59;windowslive.tt.omtrdc.net
0433;07-2-2014T11:45:11;windowslive.tt.omtrdc.net
0433;07-2-2014T11:45:33;login.live.com
0433;07-2-2014T11:45:47;windowslive.tt.omtrdc.net
0433;07-2-2014T11:45:59;login.live.com
0433;07-2-2014T11:46:00;login.live.com
0433;07-2-2014T11:46:11;mail.live.com
0433;07-2-2014T11:46:16;dub122.mail.live.com
0433;07-2-2014T11:46:16;windowslive.tt.omtrdc.net
0433;07-2-2014T11:46:16;cid-0b517a38a82e112f.users.storage.live.com
0433;07-2-2014T11:46:18;people.directory.live.com
0433;07-2-2014T11:46:18;login.live.com
0433;07-2-2014T11:46:18;js.live.net
0433;07-2-2014T11:46:21;windowslive.tt.omtrdc.net
0433;07-2-2014T11:46:21;h.live.com
0433;07-2-2014T11:46:23;h.live.com
0433;07-2-2014T11:46:24;s-static.ak.facebook.com
0433;07-2-2014T11:46:32;twitter.com
0433;07-2-2014T11:46:34;ieonline.microsoft.com
0433;07-2-2014T11:46:43;login.live.com
0433;07-2-2014T11:46:45;login.live.com
0433;07-2-2014T11:46:46;login.live.com
0433;07-2-2014T11:47:07;accounts.google.com
0433;07-2-2014T11:47:10;accounts.youtube.com
0433;07-2-2014T11:47:19;accounts.google.com
0433;07-2-2014T11:47:21;accounts.youtube.com
0433;07-2-2014T11:47:24;mail.google.com
0433;07-2-2014T11:47:26;mail.google.com
0433;07-2-2014T11:47:45;accounts.google.fr
0433;07-2-2014T11:47:46;accounts.google.com
0433;07-2-2014T11:47:46;accounts.youtube.com
0433;07-2-2014T11:47:46;accounts.google.fr
0433;07-2-2014T11:47:46;mail.google.com
0433;07-2-2014T11:47:46;clients2.google.com
0433;07-2-2014T11:47:47;mail.google.com
0433;07-2-2014T11:47:47;apis.google.com
0433;07-2-2014T11:47:47;plus.google.com
0433;07-2-2014T11:47:47;clients2.google.com
0433;07-2-2014T11:47:48;apis.google.com
0433;07-2-2014T11:47:48;mail.google.com
0433;07-2-2014T11:47:48;talkgadget.google.com
0433;07-2-2014T11:47:48;accounts.google.com
0433;07-2-2014T11:47:49;talkgadget.google.com
0433;07-2-2014T11:47:49;apis.google.com
0433;07-2-2014T11:47:49;www.google.com
0433;07-2-2014T11:47:49;plus.google.com
0433;07-2-2014T11:47:49;clients6.google.com
0433;07-2-2014T11:47:50;www.google.com
0433;07-2-2014T11:47:50;talkgadget.google.com
0433;07-2-2014T11:47:50;accounts.google.com
0433;07-2-2014T11:47:50;apis.google.com
0433;07-2-2014T11:47:50;clients6.google.com
0433;07-2-2014T11:47:52;clients6.google.com
0433;07-2-2014T11:47:52;talkgadget.google.com
0433;07-2-2014T11:47:52;drive.google.com
0433;07-2-2014T11:47:52;mail.google.com
0433;07-2-2014T11:47:53;mail.google.com
0433;07-2-2014T11:47:54;plus.google.com
0433;07-2-2014T11:47:54;mail.google.com
0433;07-2-2014T11:47:55;mail.google.com
0433;07-2-2014T11:48:00;drive.google.com
0433;07-2-2014T11:48:22;plus.google.com
0433;07-2-2014T11:48:45;talkgadget.google.com
0433;07-2-2014T11:49:24;mail.google.com
0433;07-2-2014T11:49:24;accounts.youtube.com
0433;07-2-2014T11:49:24;accounts.google.com
0433;07-2-2014T11:49:47;mail.google.com
0433;07-2-2014T11:49:48;clients6.google.com
0433;07-2-2014T11:51:36;talkgadget.google.com
0433;07-2-2014T11:51:36;clients6.google.com
0433;07-2-2014T11:52:22;apis.google.com
0433;07-2-2014T11:52:45;plus.google.com
0433;07-2-2014T11:52:55;mail.google.com
0433;07-2-2014T11:52:56;clients6.google.com
0433;07-2-2014T11:53:05;plus.google.com
0433;07-2-2014T11:53:06;clients6.google.com
0433;07-2-2014T11:53:06;talkgadget.google.com
0433;07-2-2014T11:53:07;clients6.google.com
0433;07-2-2014T11:53:08;clients6.google.com
0433;07-2-2014T11:53:08;plus.google.com
0433;07-2-2014T11:53:08;www.google.com
0433;07-2-2014T11:53:11;mail.google.com
0433;07-2-2014T11:53:11;accounts.youtube.com
0433;07-2-2014T11:53:11;accounts.google.com
0433;07-2-2014T11:53:11;accounts.google.fr
0433;07-2-2014T11:53:11;talkgadget.google.com
0433;07-2-2014T12:01:05;accounts.google.com
0433;07-2-2014T12:01:07;accounts.youtube.com
0433;07-2-2014T12:01:10;mail.google.com
0433;07-2-2014T12:01:39;accounts.google.fr
0433;07-2-2014T12:01:47;accounts.google.com
0433;07-2-2014T12:01:47;accounts.youtube.com
0433;07-2-2014T12:01:48;accounts.google.fr
0433;07-2-2014T12:01:48;www.google.com
0433;07-2-2014T12:01:48;clients2.google.com
0433;07-2-2014T12:01:49;apis.google.com
0433;07-2-2014T12:01:50;plus.google.com
0433;07-2-2014T12:01:51;plus.google.com
0433;07-2-2014T12:01:53;mail.google.com
0433;07-2-2014T12:01:54;www.google.com
0433;07-2-2014T12:01:55;clients2.google.com
0433;07-2-2014T12:01:55;talkgadget.google.com
0433;07-2-2014T12:01:57;mail.google.com
0433;07-2-2014T12:02:00;talkgadget.google.com
0433;07-2-2014T12:02:00;mail.google.com
0433;07-2-2014T12:02:02;plus.google.com
0433;07-2-2014T12:02:02;mail.google.com
0433;07-2-2014T12:02:03;clients6.google.com
0433;07-2-2014T12:02:03;plus.google.com
0433;07-2-2014T12:02:03;talkgadget.google.com
0433;07-2-2014T12:02:04;apis.google.com
0433;07-2-2014T12:02:04;accounts.google.com
0433;07-2-2014T12:02:04;drive.google.com
0433;07-2-2014T12:02:05;mail.google.com
0433;07-2-2014T12:02:07;mail.google.com
0433;07-2-2014T12:02:07;clients6.google.com
0433;07-2-2014T12:02:08;plus.google.com
0433;07-2-2014T12:02:08;mail.google.com
0433;07-2-2014T12:02:08;talkgadget.google.com
0433;07-2-2014T12:02:08;apis.google.com
0433;07-2-2014T12:02:09;drive.google.com
0433;07-2-2014T12:02:09;mail.google.com
0433;07-2-2014T12:02:09;plus.google.com
0433;07-2-2014T12:02:09;clients6.google.com
0433;07-2-2014T12:02:10;clients6.google.com
0433;07-2-2014T12:02:20;clients6.google.com
0433;07-2-2014T12:02:35;mail.google.com
0433;07-2-2014T12:02:50;mail.google.com
0433;07-2-2014T12:03:37;ieonline.microsoft.com
0433;07-2-2014T12:06:12;clients6.google.com
0433;07-2-2014T12:06:35;apis.google.com
0433;07-2-2014T12:06:51;plus.google.com
0433;07-2-2014T12:07:02;clients6.google.com
0433;07-2-2014T12:07:59;clients6.google.com
0433;07-2-2014T12:07:59;mail.google.com
0433;07-2-2014T12:11:00;talkgadget.google.com
0433;07-2-2014T12:11:05;plus.google.com
0433;07-2-2014T12:11:05;www.google.com
0433;07-2-2014T12:11:05;mail.google.com
0433;07-2-2014T12:11:19;mail.google.com
0433;07-2-2014T12:11:19;accounts.youtube.com
0433;07-2-2014T12:11:19;accounts.google.com
0433;07-2-2014T12:11:19;accounts.google.fr
0433;07-2-2014T12:11:19;talkgadget.google.com
0433;12-2-2014T13:48:46;armmf.adobe.com
0433;12-2-2014T13:49:27;go.microsoft.com
0433;12-2-2014T13:49:27;windows.microsoft.com
0433;12-2-2014T13:49:27;res1.windows.microsoft.com
0433;12-2-2014T13:49:27;res2.windows.microsoft.com
0433;12-2-2014T13:49:27;ajax.microsoft.com
0433;12-2-2014T13:49:27;js.microsoft.com
0433;12-2-2014T13:49:28;res2.windows.microsoft.com
0433;12-2-2014T13:49:28;res1.windows.microsoft.com
0433;12-2-2014T13:49:28;js.microsoft.com
0433;12-2-2014T13:49:31;armmf.adobe.com
0433;12-2-2014T13:49:32;api.bing.com
0433;12-2-2014T13:49:32;www.bing.com
0433;12-2-2014T13:49:33;api.bing.com
0433;12-2-2014T13:49:33;www.hotmail.fr
0433;12-2-2014T13:50:55;logging.windows.microsoft.com
0433;12-2-2014T13:50:56;logging.windows.microsoft.com
0433;12-2-2014T13:51:52;armdl.adobe.com
0433;12-2-2014T13:54:40;dl.javafx.com
0433;12-2-2014T14:00:37;gmail.com
0433;12-2-2014T14:00:37;mail.google.com
0433;12-2-2014T14:00:46;api.bing.com
0433;12-2-2014T14:00:47;api.bing.com
0433;12-2-2014T14:00:52;google.fr
0433;12-2-2014T14:00:52;www.google.fr
0433;12-2-2014T14:02:42;srvmib.cci63.net
0433;12-2-2014T14:02:42;static.iquesta.com
0433;12-2-2014T15:00:03;google.fr
0433;12-2-2014T15:00:03;www.google.fr
0433;12-2-2014T15:01:02;api.bing.com
0433;12-2-2014T15:03:18;www.oracle.com
0433;12-2-2014T15:03:19;apex.oracle.com
0433;12-2-2014T15:03:19;www.oracle.com
0433;12-2-2014T15:10:47;api.bing.com
0433;12-2-2014T15:10:48;www.hotmail.fr
0433;12-2-2014T15:11:18;dub122.mail.live.com
0433;12-2-2014T15:11:18;g.live.com
0433;12-2-2014T15:11:23;maroc.msn.com
0433;12-2-2014T15:11:23;connect.facebook.net
0433;12-2-2014T15:11:23;arabia.msn.com
0433;12-2-2014T15:11:23;platform.twitter.com
0433;12-2-2014T15:11:24;arabia.msn.com
0433;12-2-2014T15:11:24;c.msn.com
0433;12-2-2014T15:11:24;maroc.msn.com
0433;12-2-2014T15:11:25;c.msn.com
0433;12-2-2014T15:11:25;www.facebook.com
0433;12-2-2014T15:11:25;arabia.msn.com
0433;12-2-2014T15:11:25;static.ak.facebook.com
0433;12-2-2014T15:11:25;platform.twitter.com
0433;12-2-2014T15:11:26;www.facebook.com
0433;12-2-2014T15:11:26;maroc.msn.com
0433;12-2-2014T15:44:53;api.bing.com
0433;12-2-2014T15:55:23;api.bing.com
0433;12-2-2014T16:00:36;google.fr
0433;12-2-2014T16:00:36;www.google.fr
0433;12-2-2014T16:00:52;www.google.fr
0433;12-2-2014T16:00:53;business-intelligence.developpez.com
0433;12-2-2014T16:00:53;www.google.com
0433;12-2-2014T16:00:53;www.developpez.com
0433;12-2-2014T16:00:54;blog.developpez.com
0433;12-2-2014T16:00:54;magazine.developpez.com
0433;12-2-2014T16:00:54;www.developpez.com
0433;12-2-2014T16:00:54;business-intelligence.developpez.com
0433;12-2-2014T16:00:54;premium.hi-mediaserver.com
0433;12-2-2014T16:00:54;www.google.com
0433;12-2-2014T16:00:55;www.developpez.com
0433;12-2-2014T16:00:55;business-intelligence.developpez.com
0433;12-2-2014T16:01:00;business-intelligence.developpez.com
0433;12-2-2014T16:01:31;business-intelligence.developpez.com
0433;12-2-2014T16:01:31;www.developpez.com
0433;12-2-2014T16:01:32;www.developpez.com
0433;12-2-2014T16:01:32;blog.developpez.com
0433;12-2-2014T16:01:32;magazine.developpez.com
0433;12-2-2014T16:01:32;www.google.com
0433;12-2-2014T16:01:34;apnx-match.dotomi.com
0433;12-2-2014T16:01:34;dtm.gap.com
0433;12-2-2014T16:01:35;adventori.com
0433;12-2-2014T16:01:36;um.simpli.fi
0433;12-2-2014T16:02:07;magazine.developpez.com
0433;12-2-2014T16:02:07;blog.developpez.com
0433;12-2-2014T16:02:07;www.developpez.com
0433;12-2-2014T16:02:08;www.developpez.com
0433;12-2-2014T16:07:41;business-intelligence.developpez.com
0433;12-2-2014T16:07:41;www.developpez.com
0433;12-2-2014T16:07:41;magazine.developpez.com
0433;12-2-2014T16:07:41;www.google.com
0433;12-2-2014T16:07:41;blog.developpez.com
0433;12-2-2014T16:07:42;www.developpez.com
0433;12-2-2014T16:08:09;business-intelligence.developpez.com
0433;12-2-2014T16:08:09;magazine.developpez.com
0433;12-2-2014T16:08:09;www.developpez.com
0433;12-2-2014T16:08:09;blog.developpez.com
0433;12-2-2014T16:08:09;www.google.com
0433;12-2-2014T16:08:10;www.developpez.com
0433;12-2-2014T16:08:10;rcm-fr.amazon.fr
0433;12-2-2014T16:08:10;ecx.images-amazon.com
0433;12-2-2014T16:08:11;ecx.images-amazon.com
0433;12-2-2014T16:09:26;api.bing.com
0433;12-2-2014T16:09:27;api.bing.com
0433;12-2-2014T16:09:28;api.bing.com
0433;12-2-2014T16:09:30;api.bing.com
0433;12-2-2014T16:09:31;api.bing.com
0433;12-2-2014T16:09:33;api.bing.com
0433;12-2-2014T16:09:35;www.bing.com
0433;12-2-2014T16:09:35;logc258.at.pagesjaunes.fr
0433;12-2-2014T16:09:35;ecn.api.tiles.virtualearth.net
0433;12-2-2014T16:09:36;www.pagesjaunes.fr
0433;12-2-2014T16:09:36;www.bing.com
0433;12-2-2014T16:09:37;forge.clermont-universite.fr
0433;12-2-2014T16:09:37;www.bing.com
0433;12-2-2014T16:09:38;forge.clermont-universite.fr
0433;12-2-2014T16:09:40;forge.clermont-universite.fr
0433;12-2-2014T16:09:49;forge.clermont-universite.fr
0433;12-2-2014T16:09:56;forge.clermont-universite.fr
0433;12-2-2014T16:10:00;forge.clermont-universite.fr
0433;12-2-2014T16:10:04;forge.clermont-universite.fr
0433;12-2-2014T16:10:09;forge.clermont-universite.fr
0433;12-2-2014T16:10:10;forge.clermont-universite.fr
0433;12-2-2014T16:10:11;forge.clermont-universite.fr
0433;12-2-2014T16:10:18;forge.clermont-universite.fr
0433;12-2-2014T16:10:47;forge.clermont-universite.fr
0433;12-2-2014T16:10:50;forge.clermont-universite.fr
0433;12-2-2014T16:10:57;forge.clermont-universite.fr
0433;12-2-2014T16:10:58;forge.clermont-universite.fr
0433;12-2-2014T16:11:05;forge.clermont-universite.fr
0433;12-2-2014T16:11:21;forge.clermont-universite.fr
0433;12-2-2014T16:11:27;forge.clermont-universite.fr
0433;12-2-2014T16:11:35;forge.clermont-universite.fr
0433;12-2-2014T16:11:40;forge.clermont-universite.fr
0433;12-2-2014T16:11:42;forge.clermont-universite.fr
0433;12-2-2014T16:16:36;business-intelligence.developpez.com
0433;12-2-2014T16:16:36;magazine.developpez.com
0433;12-2-2014T16:16:36;www.developpez.com
0433;12-2-2014T16:16:36;blog.developpez.com
0433;12-2-2014T16:16:36;www.google.com
0433;12-2-2014T16:16:37;www.developpez.com
0433;12-2-2014T16:16:43;business-intelligence.developpez.com
0433;12-2-2014T16:16:43;magazine.developpez.com
0433;12-2-2014T16:16:43;www.developpez.com
0433;12-2-2014T16:16:43;www.google.com
0433;12-2-2014T16:16:43;blog.developpez.com
0433;12-2-2014T16:16:44;rcm-fr.amazon.fr
0433;12-2-2014T16:16:44;ecx.images-amazon.com
0433;12-2-2014T16:16:49;business-intelligence.developpez.com
0433;12-2-2014T16:16:49;magazine.developpez.com
0433;12-2-2014T16:16:49;www.developpez.com
0433;12-2-2014T16:16:49;blog.developpez.com
0433;12-2-2014T16:16:49;www.google.com
0433;12-2-2014T16:16:50;rcm-fr.amazon.fr
0433;12-2-2014T16:16:50;ecx.images-amazon.com
0433;12-2-2014T16:20:19;business-intelligence.developpez.com
0433;12-2-2014T16:20:19;www.developpez.com
0433;12-2-2014T16:20:20;magazine.developpez.com
0433;12-2-2014T16:20:20;www.google.com
0433;12-2-2014T16:20:20;blog.developpez.com
0433;12-2-2014T16:20:20;www.developpez.com
0433;12-2-2014T16:50:26;www.google.fr
0433;12-2-2014T16:52:58;www.google.fr
0433;12-2-2014T16:52:58;dev.mysql.com
0433;12-2-2014T16:52:59;dev.mysql.com
0433;12-2-2014T17:19:19;api.bing.com
0433;12-2-2014T17:19:19;www.hotmail.fr
0433;12-2-2014T17:19:50;dub122.mail.live.com
0433;12-2-2014T17:19:50;g.live.com
0433;12-2-2014T17:19:52;maroc.msn.com
0433;12-2-2014T17:19:52;arabia.msn.com
0433;12-2-2014T17:19:52;connect.facebook.net
0433;12-2-2014T17:19:53;arabia.msn.com
0433;12-2-2014T17:19:53;platform.twitter.com
0433;12-2-2014T17:19:53;c.msn.com
0433;12-2-2014T17:19:53;maroc.msn.com
0433;12-2-2014T17:19:54;rtb0.doubleverify.com
0433;12-2-2014T17:19:55;www.facebook.com
0433;12-2-2014T17:19:55;arabia.msn.com
0433;12-2-2014T17:19:56;rtb0.doubleverify.com
0433;12-2-2014T17:19:56;www.facebook.com
0433;12-2-2014T17:19:56;static.ak.facebook.com
0433;12-2-2014T17:19:56;platform.twitter.com
0433;12-2-2014T17:19:56;maroc.msn.com
0433;12-2-2014T17:19:57;maroc.msn.com
0433;12-2-2014T17:20:55;business-intelligence.developpez.com
0433;12-2-2014T17:20:55;magazine.developpez.com
0433;12-2-2014T17:20:55;www.developpez.com
0433;12-2-2014T17:20:55;www.google.com
0433;12-2-2014T17:20:55;blog.developpez.com
0433;12-2-2014T17:20:56;www.developpez.com
0433;12-2-2014T17:23:15;business-intelligence.developpez.com
0433;12-2-2014T17:23:15;magazine.developpez.com
0433;12-2-2014T17:23:15;www.developpez.com
0433;12-2-2014T17:23:15;blog.developpez.com
0433;12-2-2014T17:23:15;www.google.com
0433;12-2-2014T17:23:16;rcm-fr.amazon.fr
0433;12-2-2014T17:23:16;ecx.images-amazon.com
0433;12-2-2014T17:23:40;business-intelligence.developpez.com
0433;12-2-2014T17:23:40;www.developpez.com
0433;12-2-2014T17:23:40;magazine.developpez.com
0433;12-2-2014T17:23:40;blog.developpez.com
0433;12-2-2014T17:23:40;www.google.com
0433;12-2-2014T17:23:41;www.developpez.com
0433;12-2-2014T17:24:08;business-intelligence.developpez.com
0433;12-2-2014T17:24:08;www.developpez.com
0433;12-2-2014T17:24:08;blog.developpez.com
0433;12-2-2014T17:24:08;www.google.com
0433;12-2-2014T17:24:08;magazine.developpez.com
0433;12-2-2014T17:24:11;business-intelligence.developpez.com
0433;12-2-2014T17:24:11;magazine.developpez.com
0433;12-2-2014T17:24:11;www.developpez.com
0433;12-2-2014T17:24:11;blog.developpez.com
0433;12-2-2014T17:24:11;www.google.com
0433;12-2-2014T17:25:01;solutions-entreprise.developpez.com
0433;12-2-2014T17:25:01;www.developpez.com
0433;12-2-2014T17:25:01;www.google.com
0433;12-2-2014T17:25:02;solutions-entreprise.developpez.com
0433;12-2-2014T17:25:02;www.developpez.com
0433;12-2-2014T17:25:17;www.developpez.com
0433;12-2-2014T13:48:44;armmf.adobe.com
0433;12-2-2014T13:49:29;armmf.adobe.com
0433;12-2-2014T13:49:49;login.live.com
0433;12-2-2014T13:49:50;login.live.com
0433;12-2-2014T13:49:51;windowslive.tt.omtrdc.net
0433;12-2-2014T13:50:04;windowslive.tt.omtrdc.net
0433;12-2-2014T13:50:10;login.live.com
0433;12-2-2014T13:50:11;login.live.com
0433;12-2-2014T13:50:14;mail.live.com
0433;12-2-2014T13:50:16;dub122.mail.live.com
0433;12-2-2014T13:50:16;people.directory.live.com
0433;12-2-2014T13:50:16;h.live.com
0433;12-2-2014T13:50:17;dub122.mail.live.com
0433;12-2-2014T13:50:17;windowslive.tt.omtrdc.net
0433;12-2-2014T13:50:17;h.live.com
0433;12-2-2014T13:50:18;dub122.mail.live.com
0433;12-2-2014T13:50:18;pclick.internal.yahoo.com
0433;12-2-2014T13:50:18;h.live.com
0433;12-2-2014T13:50:19;p.sfx.ms
0433;12-2-2014T13:50:19;cid-0b517a38a82e112f.users.storage.live.com
0433;12-2-2014T13:50:20;h.live.com
0433;12-2-2014T13:50:21;dub122.mail.live.com
0433;12-2-2014T13:50:22;dub122.mail.live.com
0433;12-2-2014T13:50:22;h.live.com
0433;12-2-2014T13:50:23;dub122.mail.live.com
0433;12-2-2014T13:50:23;h.live.com
0433;12-2-2014T13:50:24;h.live.com
0433;12-2-2014T13:50:24;cid-0b517a38a82e112f.users.storage.live.com
0433;12-2-2014T13:50:24;dub122.mail.live.com
0433;12-2-2014T13:50:24;secure.shared.live.com
0433;12-2-2014T13:50:26;h.live.com
0433;12-2-2014T13:50:26;secure.shared.live.com
0433;12-2-2014T13:50:27;login.live.com
0433;12-2-2014T13:50:28;h.live.com
0433;12-2-2014T13:50:28;dub122.mail.live.com
0433;12-2-2014T13:50:29;dub122.mail.live.com
0433;12-2-2014T13:50:29;storage.live.com
0433;12-2-2014T13:50:29;go.trouter.io
0433;12-2-2014T13:50:31;go.trouter.io
0433;12-2-2014T13:50:32;dub122.mail.live.com
0433;12-2-2014T13:50:33;js.live.net
0433;12-2-2014T13:50:33;api.skype.com
0433;12-2-2014T13:50:33;login.live.com
0433;12-2-2014T13:50:33;secure.shared.live.com
0433;12-2-2014T13:50:34;go.trouter.io
0433;12-2-2014T13:51:22;go.microsoft.com
0433;12-2-2014T13:51:31;dub122.mail.live.com
0433;12-2-2014T13:52:25;ieonline.microsoft.com
0433;12-2-2014T13:52:34;prod.registrar.skype.com
0433;12-2-2014T13:53:16;login.skype.com
0433;12-2-2014T13:53:30;javadl-esd-secure.oracle.com
0433;12-2-2014T13:54:38;javadl-esd-secure.oracle.com
0433;12-2-2014T14:00:40;accounts.google.com
0433;12-2-2014T14:00:40;accounts.youtube.com
0433;12-2-2014T14:00:41;mail.google.com
0433;12-2-2014T14:00:55;www.google.fr
0433;12-2-2014T14:00:56;www.google.com
0433;12-2-2014T14:00:56;accounts.youtube.com
0433;12-2-2014T14:00:56;apis.google.com
0433;12-2-2014T14:01:39;www.google.fr
0433;12-2-2014T14:01:39;code.google.com
0433;12-2-2014T14:01:40;www.google.com
0433;12-2-2014T14:01:41;apis.google.com
0433;12-2-2014T14:01:46;mapmap.googlecode.com
0433;12-2-2014T14:02:35;www.google.fr
0433;12-2-2014T14:02:35;apis.google.com
0433;12-2-2014T14:02:35;www.google.com
0433;12-2-2014T14:02:35;mail.google.com
0433;12-2-2014T14:02:35;accounts.google.com
0433;12-2-2014T14:03:20;mapmap.googlecode.com
0433;12-2-2014T14:03:20;apis.google.com
0433;12-2-2014T14:03:20;www.google.com
0433;12-2-2014T14:03:20;code.google.com
0433;12-2-2014T14:03:20;www.google.fr
0433;12-2-2014T15:00:04;apis.google.com
0433;12-2-2014T15:00:06;www.google.com
0433;12-2-2014T15:00:25;www.google.fr
0433;12-2-2014T15:00:25;www.google.com
0433;12-2-2014T15:00:25;apis.google.com
0433;12-2-2014T15:10:49;login.live.com
0433;12-2-2014T15:10:50;login.live.com
0433;12-2-2014T15:10:51;windowslive.tt.omtrdc.net
0433;12-2-2014T15:11:02;windowslive.tt.omtrdc.net
0433;12-2-2014T15:11:08;login.live.com
0433;12-2-2014T15:11:10;mail.live.com
0433;12-2-2014T15:11:10;dub122.mail.live.com
0433;12-2-2014T15:11:11;people.directory.live.com
0433;12-2-2014T15:11:11;windowslive.tt.omtrdc.net
0433;12-2-2014T15:11:11;dub122.mail.live.com
0433;12-2-2014T15:11:12;dub122.mail.live.com
0433;12-2-2014T15:11:12;cid-0b517a38a82e112f.users.storage.live.com
0433;12-2-2014T15:11:13;dub122.mail.live.com
0433;12-2-2014T15:11:13;people.directory.live.com
0433;12-2-2014T15:11:13;h.live.com
0433;12-2-2014T15:11:13;p.sfx.ms
0433;12-2-2014T15:11:14;h.live.com
0433;12-2-2014T15:11:14;dub122.mail.live.com
0433;12-2-2014T15:11:15;dub122.mail.live.com
0433;12-2-2014T15:11:15;h.live.com
0433;12-2-2014T15:11:16;h.live.com
0433;12-2-2014T15:11:16;secure.shared.live.com
0433;12-2-2014T15:11:17;dub122.mail.live.com
0433;12-2-2014T15:11:17;js.live.net
0433;12-2-2014T15:11:17;h.live.com
0433;12-2-2014T15:11:17;cid-0b517a38a82e112f.users.storage.live.com
0433;12-2-2014T15:11:17;login.live.com
0433;12-2-2014T15:11:17;storage.live.com
0433;12-2-2014T15:11:18;login.live.com
0433;12-2-2014T15:11:18;secure.shared.live.com
0433;12-2-2014T15:11:18;api.skype.com
0433;12-2-2014T15:11:19;go.trouter.io
0433;12-2-2014T15:11:22;windowslive.tt.omtrdc.net
0433;12-2-2014T15:11:25;s-static.ak.facebook.com
0433;12-2-2014T15:11:26;twitter.com
0433;12-2-2014T15:11:57;twitter.com
0433;12-2-2014T16:00:37;www.google.fr
0433;12-2-2014T16:00:37;apis.google.com
0433;12-2-2014T16:00:38;www.google.com
0433;12-2-2014T16:00:55;www.facebook.com
0433;12-2-2014T16:01:37;pixel2368.everesttech.net
0433;12-2-2014T16:02:08;pixel2368.everesttech.net
0433;12-2-2014T16:02:51;www.google.fr
0433;12-2-2014T16:02:51;www.google.com
0433;12-2-2014T16:02:51;apis.google.com
0433;12-2-2014T16:50:27;www.google.fr
0433;12-2-2014T16:52:26;www.google.fr
0433;12-2-2014T16:54:07;www.google.fr
0433;12-2-2014T16:56:06;www.google.fr
0433;12-2-2014T17:19:23;login.live.com
0433;12-2-2014T17:19:24;login.live.com
0433;12-2-2014T17:19:26;windowslive.tt.omtrdc.net
0433;12-2-2014T17:19:39;windowslive.tt.omtrdc.net
0433;12-2-2014T17:19:41;login.live.com
0433;12-2-2014T17:19:42;login.live.com
0433;12-2-2014T17:19:42;mail.live.com
0433;12-2-2014T17:19:43;dub122.mail.live.com
0433;12-2-2014T17:19:47;people.directory.live.com
0433;12-2-2014T17:19:47;dub122.mail.live.com
0433;12-2-2014T17:19:47;h.live.com
0433;12-2-2014T17:19:48;dub122.mail.live.com
0433;12-2-2014T17:19:48;windowslive.tt.omtrdc.net
0433;12-2-2014T17:19:48;cid-0b517a38a82e112f.users.storage.live.com
0433;12-2-2014T17:19:49;people.directory.live.com
0433;12-2-2014T17:19:49;h.live.com
0433;12-2-2014T17:19:49;secure.shared.live.com
0433;12-2-2014T17:19:49;dub122.mail.live.com
0433;12-2-2014T17:19:49;js.live.net
0433;12-2-2014T17:19:50;api.skype.com
0433;12-2-2014T17:19:50;login.live.com
0433;12-2-2014T17:19:51;go.trouter.io
0433;12-2-2014T17:19:51;dub122.mail.live.com
0433;12-2-2014T17:19:52;windowslive.tt.omtrdc.net
0433;12-2-2014T17:19:56;s-static.ak.facebook.com
0433;12-2-2014T17:19:57;twitter.com
0433;12-2-2014T17:20:27;twitter.com
0433;17-2-2014T14:28:38;www.hotmail.fr
0433;17-2-2014T14:31:06;www.viadeo.com
0433;17-2-2014T14:33:10;www.viadeo.com
0433;17-2-2014T14:33:10;static3.viadeo-static.com
0433;17-2-2014T14:33:10;static1.viadeo-static.com
0433;17-2-2014T14:33:10;static0.viadeo-static.com
0433;17-2-2014T14:33:10;static9.viadeo-static.com
0433;17-2-2014T14:33:10;static2.viadeo-static.com
0433;17-2-2014T14:33:10;d2xyl0vj6bxpfi.cloudfront.net
0433;17-2-2014T14:33:11;static9.viadeo-static.com
0433;17-2-2014T14:33:11;static2.viadeo-static.com
0433;17-2-2014T14:33:11;fpdownload2.macromedia.com
0433;17-2-2014T14:33:13;i1-js-14-3-01-10169-516746275-i.init.cedexis-radar.net
0433;17-2-2014T14:33:13;limelight.cedexis.com
0433;17-2-2014T14:33:15;static2.viadeo-static.com
0433;17-2-2014T14:33:17;www.viadeo.com
0433;17-2-2014T14:33:17;static9.viadeo-static.com
0433;17-2-2014T14:33:17;limelight.cedexis.com
0433;17-2-2014T14:33:17;static1.viadeo-static.com
0433;17-2-2014T14:33:18;ec2-sa-east-1a.cedexis.com
0433;17-2-2014T14:33:22;level3.cedexis.com
0433;17-2-2014T14:33:23;static0.viadeo-static.com
0433;17-2-2014T14:33:23;www.viadeo.com
0433;17-2-2014T14:33:25;level3.cedexis.com
0433;17-2-2014T14:33:25;www.viadeo.com
0433;17-2-2014T14:33:25;static9.viadeo-static.com
0433;17-2-2014T14:33:28;level3.cedexis.com
0433;17-2-2014T14:33:28;www.viadeo.com
0433;17-2-2014T14:33:29;static0.viadeo-static.com
0433;17-2-2014T14:33:29;d2xyl0vj6bxpfi.cloudfront.net
0433;17-2-2014T14:33:32;i1-js-14-3-01-10169-629948380-i.init.cedexis-radar.net
0433;17-2-2014T14:33:34;www.viadeo.com
0433;17-2-2014T14:33:35;static1.viadeo-static.com
0433;17-2-2014T14:33:35;d2xyl0vj6bxpfi.cloudfront.net
0433;17-2-2014T14:33:35;static9.viadeo-static.com
0433;17-2-2014T14:33:35;static3.viadeo-static.com
0433;17-2-2014T14:33:35;static2.viadeo-static.com
0433;17-2-2014T14:33:37;i1-js-14-3-01-10169-203609692-i.init.cedexis-radar.net
0433;17-2-2014T14:33:37;www.viadeo.com
0433;17-2-2014T14:33:38;www.viadeo.com
0433;17-2-2014T14:33:38;static2.viadeo-static.com
0433;17-2-2014T14:33:38;static0.viadeo-static.com
0433;17-2-2014T14:33:38;static3.viadeo-static.com
0433;17-2-2014T14:33:38;d2xyl0vj6bxpfi.cloudfront.net
0433;17-2-2014T14:33:38;static9.viadeo-static.com
0433;17-2-2014T14:33:40;i1-js-14-3-01-10169-582037885-i.init.cedexis-radar.net
0433;17-2-2014T14:33:41;fastly.bench.cedexis.com.global.prod.fastly.net
0433;17-2-2014T14:33:41;fastly.bench.cedexis.com
0433;17-2-2014T14:33:41;static3.viadeo-static.com
0433;17-2-2014T14:33:44;akamai.cedexis.com
0433;17-2-2014T14:33:44;www.viadeo.com
0433;17-2-2014T14:33:45;www.viadeo.com
0433;17-2-2014T14:33:45;static0.viadeo-static.com
0433;17-2-2014T14:33:46;d2xyl0vj6bxpfi.cloudfront.net
0433;17-2-2014T14:33:46;static0.viadeo-static.com
0433;17-2-2014T14:33:46;www.viadeo.com
0433;17-2-2014T14:33:46;static9.viadeo-static.com
0433;17-2-2014T14:33:47;static0.viadeo-static.com
0433;17-2-2014T14:33:47;www.viadeo.com
0433;17-2-2014T14:33:48;static9.viadeo-static.com
0433;17-2-2014T14:33:48;i1-js-14-3-01-10169-174012912-i.init.cedexis-radar.net
0433;17-2-2014T14:33:51;www.viadeo.com
0433;17-2-2014T14:33:51;static9.viadeo-static.com
0433;17-2-2014T14:33:52;dsaorigin.cedexis.com
0433;17-2-2014T14:33:53;dynamic2.cedexis.com
0433;17-2-2014T14:33:53;chinacache.cedexis.com
0433;17-2-2014T14:34:02;chinacache.cedexis.com
0433;17-2-2014T14:34:07;aws-ap-southeast-2a.bench.cedexis.com
0433;17-2-2014T14:34:11;aws-ap-southeast-2a.bench.cedexis.com
0433;17-2-2014T14:34:15;www.viadeo.com
0433;17-2-2014T14:34:15;static9.viadeo-static.com
0433;17-2-2014T14:34:34;www.viadeo.com
0433;17-2-2014T14:34:50;www.viadeo.com
0433;17-2-2014T14:34:51;static9.viadeo-static.com
0433;17-2-2014T14:34:51;www.viadeo.com
0433;17-2-2014T14:35:02;www.viadeo.com
0433;17-2-2014T14:35:03;www.viadeo.com
0433;17-2-2014T14:35:04;static9.viadeo-static.com
0433;17-2-2014T14:35:07;www.viadeo.com
0433;17-2-2014T14:35:09;www.viadeo.com
0433;17-2-2014T14:35:09;static0.viadeo-static.com
0433;17-2-2014T14:35:09;static1.viadeo-static.com
0433;17-2-2014T14:35:09;static2.viadeo-static.com
0433;17-2-2014T14:35:09;d2xyl0vj6bxpfi.cloudfront.net
0433;17-2-2014T14:35:11;i1-js-14-3-01-10169-891282040-i.init.cedexis-radar.net
0433;17-2-2014T14:35:12;dfw.rackspace.bench.cedexis.com
0433;17-2-2014T14:35:15;dfw.rackspace.bench.cedexis.com
0433;17-2-2014T14:35:17;limelight.cedexis.com
0433;17-2-2014T14:35:20;limelight.cedexis.com
0433;17-2-2014T14:35:24;limelight.cedexis.com
0433;17-2-2014T14:35:24;ak.c.ooyala.com
0433;17-2-2014T14:35:31;tr1.bp51.net
0433;17-2-2014T14:35:32;www.leclubetudiant.com
0433;17-2-2014T14:35:32;www.club-etudiant.com
0433;17-2-2014T14:35:32;www.facebook.com
0433;17-2-2014T14:35:33;ak.c.ooyala.com
0433;17-2-2014T14:35:34;ec2-us-west-2a.cedexis.com
0433;17-2-2014T14:35:35;ec2-us-west-2a.cedexis.com
0433;17-2-2014T14:35:40;www.leclubetudiant.com
0433;17-2-2014T14:35:40;www.facebook.com
0433;17-2-2014T14:35:41;www.club-etudiant.com
0433;17-2-2014T14:36:04;tr5.mailperf.com
0433;17-2-2014T14:36:18;smerra.fr
0433;17-2-2014T14:36:19;smerra.fr
0433;17-2-2014T14:36:19;www.smerra.fr
0433;17-2-2014T14:36:20;smerra.fr
0433;17-2-2014T14:56:54;google.fr
0433;17-2-2014T14:56:54;www.google.fr
0433;17-2-2014T14:57:26;www.google.fr
0433;17-2-2014T14:57:27;etudiant.aujourdhui.fr
0433;17-2-2014T14:57:27;www.leparisien.fr
0433;17-2-2014T14:57:27;www.google.com
0433;17-2-2014T14:57:27;platform.twitter.com
0433;17-2-2014T14:57:38;connect.facebook.net
0433;17-2-2014T14:57:39;etudiant.aujourdhui.fr
0433;17-2-2014T14:57:39;www.leparisien.fr
0433;17-2-2014T14:57:39;static.ak.facebook.com
0433;17-2-2014T14:57:39;foglio.basilic.io
0433;17-2-2014T14:57:39;www.facebook.com
0433;17-2-2014T14:57:39;platform.twitter.com
0433;17-2-2014T14:57:39;www.google.com
0433;17-2-2014T14:57:40;etudiant.aujourdhui.fr
0433;17-2-2014T14:57:40;www.google.com
0433;17-2-2014T14:57:40;rp.gwallet.com
0433;17-2-2014T14:57:40;fr.ad4mat.net
0433;17-2-2014T14:57:40;s3.lprs1.fr
0433;17-2-2014T14:57:40;www.facebook.com
0433;17-2-2014T14:57:40;platform.twitter.com
0433;17-2-2014T14:57:41;etudiant.aujourdhui.fr
0433;17-2-2014T14:57:42;i1-js-14-3-01-10077-988111619-i.init.cedexis-radar.net
0433;17-2-2014T14:57:44;www.leparisien.fr
0433;17-2-2014T14:57:46;edgecast-adn.cedexis.com
0433;17-2-2014T14:57:47;edgecast-adn.cedexis.com
0433;17-2-2014T14:57:47;netdna.cedexis.com
0433;17-2-2014T14:57:49;etudiant.aujourdhui.fr
0433;17-2-2014T14:57:49;foglio.basilic.io
0433;17-2-2014T14:57:49;static.ak.facebook.com
0433;17-2-2014T14:57:49;www.leparisien.fr
0433;17-2-2014T14:57:49;www.facebook.com
0433;17-2-2014T14:57:51;www.facebook.com
0433;17-2-2014T14:57:51;rubicon-match.dotomi.com
0433;17-2-2014T14:57:51;netdna.cedexis.com
0433;17-2-2014T14:57:52;www.leparisien.fr
0433;17-2-2014T14:58:01;ec2-us-west-2a.cedexis.com
0433;17-2-2014T14:58:08;etudiant.aujourdhui.fr
0433;17-2-2014T14:58:08;www.leparisien.fr
0433;17-2-2014T14:58:10;c1.adform.net
0433;17-2-2014T14:58:10;rbp.mxptint.net
0433;17-2-2014T14:58:10;match.rtbidder.net
0433;17-2-2014T14:58:10;www.facebook.com
0433;17-2-2014T14:58:11;ec2-us-west-2a.cedexis.com
0433;17-2-2014T14:59:01;etudiant.aujourdhui.fr
0433;17-2-2014T14:59:02;xml.betclick.com
0433;17-2-2014T14:59:31;etudiant.aujourdhui.fr
0433;17-2-2014T14:59:32;etudiant.aujourdhui.fr
0433;17-2-2014T15:00:03;etudiant.aujourdhui.fr
0433;17-2-2014T15:00:04;xml.betclick.com
0433;17-2-2014T15:00:42;dub122.mail.live.com
0433;17-2-2014T15:00:42;g.live.com
0433;17-2-2014T15:00:49;maroc.msn.com
0433;17-2-2014T15:00:49;connect.facebook.net
0433;17-2-2014T15:00:49;arabia.msn.com
0433;17-2-2014T15:00:50;maroc.msn.com
0433;17-2-2014T15:00:50;arabia.msn.com
0433;17-2-2014T15:00:51;c.msn.com
0433;17-2-2014T15:00:51;arabia.msn.com
0433;17-2-2014T15:00:53;c.msn.com
0433;17-2-2014T15:00:53;www.facebook.com
0433;17-2-2014T15:00:53;arabia.msn.com
0433;17-2-2014T14:28:48;login.live.com
0433;17-2-2014T14:28:56;login.live.com
0433;17-2-2014T14:29:01;ieonline.microsoft.com
0433;17-2-2014T14:29:16;login.live.com
0433;17-2-2014T14:29:17;login.live.com
0433;17-2-2014T14:29:23;mail.live.com
0433;17-2-2014T14:29:23;dub122.mail.live.com
0433;17-2-2014T14:29:29;dub122.mail.live.com
0433;17-2-2014T14:29:29;cid-0b517a38a82e112f.users.storage.live.com
0433;17-2-2014T14:29:30;dub122.mail.live.com
0433;17-2-2014T14:29:31;p.sfx.ms
0433;17-2-2014T14:29:32;people.directory.live.com
0433;17-2-2014T14:29:32;dub122.mail.live.com
0433;17-2-2014T14:29:34;windowslive.tt.omtrdc.net
0433;17-2-2014T14:29:35;dub122.mail.live.com
0433;17-2-2014T14:29:35;h.live.com
0433;17-2-2014T14:29:35;windowslive.tt.omtrdc.net
0433;17-2-2014T14:29:36;dub122.mail.live.com
0433;17-2-2014T14:29:36;h.live.com
0433;17-2-2014T14:29:37;h.live.com
0433;17-2-2014T14:29:37;dub122.mail.live.com
0433;17-2-2014T14:29:38;dub122.mail.live.com
0433;17-2-2014T14:29:38;h.live.com
0433;17-2-2014T14:29:39;dub122.mail.live.com
0433;17-2-2014T14:29:39;h.live.com
0433;17-2-2014T14:29:39;secure.shared.live.com
0433;17-2-2014T14:29:39;js.live.net
0433;17-2-2014T14:29:40;dub122.mail.live.com
0433;17-2-2014T14:29:40;h.live.com
0433;17-2-2014T14:29:40;secure.shared.live.com
0433;17-2-2014T14:29:40;go.trouter.io
0433;17-2-2014T14:29:40;api.skype.com
0433;17-2-2014T14:29:41;go.trouter.io
0433;17-2-2014T14:29:41;h.live.com
0433;17-2-2014T14:29:41;dub122.mail.live.com
0433;17-2-2014T14:29:41;storage.live.com
0433;17-2-2014T14:29:42;h.live.com
0433;17-2-2014T14:29:42;dub122.mail.live.com
0433;17-2-2014T14:29:42;storage.live.com
0433;17-2-2014T14:29:43;dub122.mail.live.com
0433;17-2-2014T14:29:43;h.live.com
0433;17-2-2014T14:29:44;dub122.mail.live.com
0433;17-2-2014T14:29:44;h.live.com
0433;17-2-2014T14:29:45;dub122.mail.live.com
0433;17-2-2014T14:29:45;h.live.com
0433;17-2-2014T14:29:46;login.live.com
0433;17-2-2014T14:29:46;h.live.com
0433;17-2-2014T14:29:46;storage.live.com
0433;17-2-2014T14:29:47;h.live.com
0433;17-2-2014T14:29:59;h.live.com
0433;17-2-2014T14:30:46;h.live.com
0433;17-2-2014T14:30:47;api.skype.com
0433;17-2-2014T14:30:50;secure.shared.live.com
0433;17-2-2014T14:30:50;prod.registrar.skype.com
0433;17-2-2014T14:30:50;h.live.com
0433;17-2-2014T14:30:51;dub122.mail.live.com
0433;17-2-2014T14:30:52;dub122.mail.live.com
0433;17-2-2014T14:30:54;h.live.com
0433;17-2-2014T14:30:54;dub122.mail.live.com
0433;17-2-2014T14:30:55;dub122.mail.live.com
0433;17-2-2014T14:30:56;dub122.mail.live.com
0433;17-2-2014T14:30:57;dub122.mail.live.com
0433;17-2-2014T14:30:58;dub122.mail.live.com
0433;17-2-2014T14:30:58;h.live.com
0433;17-2-2014T14:30:59;dub122.mail.live.com
0433;17-2-2014T14:31:00;dub122.mail.live.com
0433;17-2-2014T14:31:00;h.live.com
0433;17-2-2014T14:31:03;s3-eu-west-1.amazonaws.com
0433;17-2-2014T14:31:03;dub122.mail.live.com
0433;17-2-2014T14:31:04;s3-eu-west-1.amazonaws.com
0433;17-2-2014T14:31:05;s3-eu-west-1.amazonaws.com
0433;17-2-2014T14:31:05;twitter.com
0433;17-2-2014T14:31:05;ea.twimg.com
0433;17-2-2014T14:31:19;secure.viadeo.com
0433;17-2-2014T14:31:22;secure.viadeo.com
0433;17-2-2014T14:31:39;secure.viadeo.com
0433;17-2-2014T14:31:39;d2xyl0vj6bxpfi.cloudfront.net
0433;17-2-2014T14:31:41;g.live.com
0433;17-2-2014T14:32:03;dub122.mail.live.com
0433;17-2-2014T14:32:06;dub122.mail.live.com
0433;17-2-2014T14:32:06;h.live.com
0433;17-2-2014T14:32:06;ea.twimg.com
0433;17-2-2014T14:32:06;pbs.twimg.com
0433;17-2-2014T14:32:06;o.twimg.com
0433;17-2-2014T14:32:09;ea.twimg.com
0433;17-2-2014T14:32:09;pbs.twimg.com
0433;17-2-2014T14:32:09;o.twimg.com
0433;17-2-2014T14:32:09;h.live.com
0433;17-2-2014T14:32:09;dub122.mail.live.com
0433;17-2-2014T14:32:13;twitter.com
0433;17-2-2014T14:32:15;h.live.com
0433;17-2-2014T14:32:15;dub122.mail.live.com
0433;17-2-2014T14:32:17;dub122.mail.live.com
0433;17-2-2014T14:32:17;h.live.com
0433;17-2-2014T14:32:17;www.facebook.com
0433;17-2-2014T14:32:22;h.live.com
0433;17-2-2014T14:32:22;dub122.mail.live.com
0433;17-2-2014T14:32:46;secure.viadeo.com
0433;17-2-2014T14:32:47;d2xyl0vj6bxpfi.cloudfront.net
0433;17-2-2014T14:33:10;secure.viadeo.com
0433;17-2-2014T14:33:23;dub122.mail.live.com
0433;17-2-2014T14:33:24;dub122.mail.live.com
0433;17-2-2014T14:33:25;dub122.mail.live.com
0433;17-2-2014T14:33:27;dub122.mail.live.com
0433;17-2-2014T14:34:09;h.live.com
0433;17-2-2014T14:34:12;dub122.mail.live.com
0433;17-2-2014T14:35:09;secure.viadeo.com
0433;17-2-2014T14:35:32;proxy-bay-people.directory.live.com
0433;17-2-2014T14:36:14;espaceperso.smerra.fr
0433;17-2-2014T14:36:30;dub122.mail.live.com
0433;17-2-2014T14:36:31;dub122.mail.live.com
0433;17-2-2014T14:36:32;g.live.com
0433;17-2-2014T14:36:44;espaceperso.smerra.fr
0433;17-2-2014T14:36:45;espaceperso.smerra.fr
0433;17-2-2014T14:37:02;h.live.com
0433;17-2-2014T14:37:03;dub122.mail.live.com
0433;17-2-2014T14:37:04;espaceperso.smerra.fr
0433;17-2-2014T14:37:04;dub122.mail.live.com
0433;17-2-2014T14:37:26;espaceperso.smerra.fr
0433;17-2-2014T14:37:55;cid-0b517a38a82e112f.users.storage.live.com
0433;17-2-2014T14:38:23;dub122.mail.live.com
0433;17-2-2014T14:38:27;h.live.com
0433;17-2-2014T14:38:35;h.live.com
0433;17-2-2014T14:38:35;proxy-bay-people.directory.live.com
0433;17-2-2014T14:38:35;dub122.mail.live.com
0433;17-2-2014T14:38:40;h.live.com
0433;17-2-2014T14:38:40;dub122.mail.live.com
0433;17-2-2014T14:39:17;dub122.mail.live.com
0433;17-2-2014T14:39:17;h.live.com
0433;17-2-2014T14:39:17;p.sfx.ms
0433;17-2-2014T14:39:18;dub122.afx.ms
0433;17-2-2014T14:39:31;dub122.afx.ms
0433;17-2-2014T14:39:31;dub122.mail.live.com
0433;17-2-2014T14:40:56;espaceperso.smerra.fr
0433;17-2-2014T14:41:07;dub122.afx.ms
0433;17-2-2014T14:41:13;dub122.mail.live.com
0433;17-2-2014T14:41:24;h.live.com
0433;17-2-2014T14:41:25;dub122.mail.live.com
0433;17-2-2014T14:41:26;dub122.mail.live.com
0433;17-2-2014T14:41:29;dub122.mail.live.com
0433;17-2-2014T14:41:30;h.live.com
0433;17-2-2014T14:41:31;h.live.com
0433;17-2-2014T14:41:32;dub122.mail.live.com
0433;17-2-2014T14:41:32;dub122.afx.ms
0433;17-2-2014T14:41:42;login.live.com
0433;17-2-2014T14:41:43;people.directory.live.com
0433;17-2-2014T14:41:44;go.trouter.io
0433;17-2-2014T14:41:46;go.trouter.io
0433;17-2-2014T14:42:20;storage.live.com
0433;17-2-2014T14:42:46;dub122.mail.live.com
0433;17-2-2014T14:43:15;h.live.com
0433;17-2-2014T14:43:19;dub122.mail.live.com
0433;17-2-2014T14:43:48;prod.registrar.skype.com
0433;17-2-2014T14:44:29;proxy-bay-people.directory.live.com
0433;17-2-2014T14:44:42;go.trouter.io
0433;17-2-2014T14:44:43;dub122.mail.live.com
0433;17-2-2014T14:45:44;api.skype.com
0433;17-2-2014T14:45:46;h.live.com
0433;17-2-2014T14:45:49;dub122.mail.live.com
0433;17-2-2014T14:49:32;proxy-bay-people.directory.live.com
0433;17-2-2014T14:52:10;h.live.com
0433;17-2-2014T14:52:10;dub122.mail.live.com
0433;17-2-2014T14:52:11;dub122.mail.live.com
0433;17-2-2014T14:52:12;dub122.mail.live.com
0433;17-2-2014T14:52:12;h.live.com
0433;17-2-2014T14:53:14;h.live.com
0433;17-2-2014T14:53:14;dub122.mail.live.com
0433;17-2-2014T14:53:15;dub122.mail.live.com
0433;17-2-2014T14:53:16;dub122.mail.live.com
0433;17-2-2014T14:54:36;proxy-bay-people.directory.live.com
0433;17-2-2014T14:57:05;www.google.fr
0433;17-2-2014T14:57:06;apis.google.com
0433;17-2-2014T14:57:19;www.google.fr
0433;17-2-2014T14:57:38;apis.google.com
0433;17-2-2014T14:57:47;h.live.com
0433;17-2-2014T14:57:48;twitter.com
0433;17-2-2014T14:57:49;apis.google.com
0433;17-2-2014T14:57:49;www.google.fr
0433;17-2-2014T14:57:49;s-static.ak.facebook.com
0433;17-2-2014T14:57:50;twitter.com
0433;17-2-2014T14:57:51;dub122.mail.live.com
0433;17-2-2014T14:57:51;apis.google.com
0433;17-2-2014T14:57:59;twitter.com
0433;17-2-2014T14:58:00;pixel2368.everesttech.net
0433;17-2-2014T14:58:09;apis.google.com
0433;17-2-2014T14:58:09;twitter.com
0433;17-2-2014T14:58:20;twitter.com
0433;17-2-2014T14:58:28;choices.truste.com
0433;17-2-2014T14:59:01;choices.truste.com
0433;17-2-2014T14:59:02;accounts.google.com
0433;17-2-2014T14:59:10;pixel2368.everesttech.net
0433;17-2-2014T14:59:34;proxy-bay-people.directory.live.com
0433;17-2-2014T15:00:25;www.google.com
0433;17-2-2014T15:00:41;login.live.com
0433;17-2-2014T15:00:41;go.trouter.io
0433;17-2-2014T15:00:42;h.live.com
0433;17-2-2014T15:00:43;login.skype.com
0433;17-2-2014T15:00:49;windowslive.tt.omtrdc.net
0433;18-2-2014T12:14:20;www.hotmail.fr
0433;18-2-2014T12:14:42;player.vimeo.com
0433;18-2-2014T12:18:42;dub122.mail.live.com
0433;18-2-2014T12:18:42;g.live.com
0433;18-2-2014T12:14:31;login.live.com
0433;18-2-2014T12:14:39;login.live.com
0433;18-2-2014T12:15:09;login.live.com
0433;18-2-2014T12:15:10;login.live.com
0433;18-2-2014T12:15:15;mail.live.com
0433;18-2-2014T12:15:15;dub122.mail.live.com
0433;18-2-2014T12:15:17;dub122.mail.live.com
0433;18-2-2014T12:15:18;dub122.mail.live.com
0433;18-2-2014T12:15:18;p.sfx.ms
0433;18-2-2014T12:15:19;cid-0b517a38a82e112f.users.storage.live.com
0433;18-2-2014T12:15:20;p.sfx.ms
0433;18-2-2014T12:15:20;people.directory.live.com
0433;18-2-2014T12:15:23;people.directory.live.com
0433;18-2-2014T12:15:23;dub122.mail.live.com
0433;18-2-2014T12:15:24;dub122.mail.live.com
0433;18-2-2014T12:15:27;h.live.com
0433;18-2-2014T12:15:27;js.live.net
0433;18-2-2014T12:15:28;h.live.com
0433;18-2-2014T12:15:28;windowslive.tt.omtrdc.net
0433;18-2-2014T12:15:29;secure.shared.live.com
0433;18-2-2014T12:15:29;h.live.com
0433;18-2-2014T12:15:30;secure.shared.live.com
0433;18-2-2014T12:15:31;go.trouter.io
0433;18-2-2014T12:15:32;windowslive.tt.omtrdc.net
0433;18-2-2014T12:15:37;dub122.mail.live.com
0433;18-2-2014T12:15:39;dub122.mail.live.com
0433;18-2-2014T12:15:42;dub122.mail.live.com
0433;18-2-2014T12:15:49;storage.live.com
0433;18-2-2014T12:15:55;dub122.mail.live.com
0433;18-2-2014T12:16:17;dub122.mail.live.com
0433;18-2-2014T12:16:19;dub122.mail.live.com
0433;18-2-2014T12:16:19;h.live.com
0433;18-2-2014T12:16:20;people.directory.live.com
0433;18-2-2014T12:16:21;go.trouter.io
0433;18-2-2014T12:16:21;dub122.mail.live.com
0433;18-2-2014T12:16:21;storage.live.com
0433;18-2-2014T12:16:30;secure.shared.live.com
0433;18-2-2014T12:16:30;dub122.mail.live.com
0433;18-2-2014T12:16:30;h.live.com
0433;18-2-2014T12:16:42;secure.footprint.net
0433;18-2-2014T12:16:46;dub122.mail.live.com
0433;18-2-2014T12:17:15;ieonline.microsoft.com
0433;18-2-2014T12:17:20;cid-0b517a38a82e112f.users.storage.live.com
0433;18-2-2014T12:17:26;h.live.com
0433;18-2-2014T12:17:30;dub122.mail.live.com
0433;18-2-2014T12:17:31;h.live.com
0433;18-2-2014T12:17:48;dub122.mail.live.com
0433;18-2-2014T12:17:49;dub122.afx.ms
0433;18-2-2014T12:17:50;dub122.afx.ms
0433;18-2-2014T12:17:55;dub122.afx.ms
0433;18-2-2014T12:18:10;dub122.mail.live.com
0433;18-2-2014T12:18:22;dub122.mail.live.com
0433;18-2-2014T12:18:29;word-view.officeapps.live.com
0433;18-2-2014T12:18:37;login.live.com
0433;18-2-2014T12:18:38;go.trouter.io
0433;18-2-2014T12:18:43;dub122.mail.live.com
0433;18-2-2014T12:18:45;word-view.officeapps.live.com
0433;18-2-2014T12:18:45;windowslive.tt.omtrdc.net
0433;19-2-2014T18:39:45;armmf.adobe.com
0433;19-2-2014T18:40:30;armmf.adobe.com
0433;19-2-2014T18:39:43;armmf.adobe.com
0433;19-2-2014T18:40:28;armmf.adobe.com
0433;27-2-2014T14:34:06;armmf.adobe.com
0433;27-2-2014T14:34:18;go.microsoft.com
0433;27-2-2014T14:34:19;windows.microsoft.com
0433;27-2-2014T14:34:19;res1.windows.microsoft.com
0433;27-2-2014T14:34:19;res2.windows.microsoft.com
0433;27-2-2014T14:34:19;ajax.microsoft.com
0433;27-2-2014T14:34:19;js.microsoft.com
0433;27-2-2014T14:34:20;js.microsoft.com
0433;27-2-2014T14:34:20;res2.windows.microsoft.com
0433;27-2-2014T14:34:20;windows.microsoft.com
0433;27-2-2014T14:34:20;res1.windows.microsoft.com
0433;27-2-2014T14:34:04;armmf.adobe.com
0433;27-2-2014T14:34:31;go.microsoft.com
0433;27-2-2014T14:34:31;ieonline.microsoft.com
0433;03-3-2014T14:51:04;armmf.adobe.com
0433;03-3-2014T14:51:48;armmf.adobe.com
0433;03-3-2014T14:55:12;javadl-esd-secure.oracle.com
0433;03-3-2014T14:55:16;javadl-esd-secure.oracle.com
0433;03-3-2014T14:58:40;go.microsoft.com
0433;03-3-2014T14:58:40;ieonline.microsoft.com
0433;03-3-2014T15:59:50;www.google.fr
0433;03-3-2014T15:59:51;apis.google.com
0433;03-3-2014T15:59:51;www.google.com
0433;03-3-2014T16:01:36;www.google.fr
0433;03-3-2014T16:01:36;www.google.com
0433;03-3-2014T16:01:36;apis.google.com
0433;03-3-2014T16:01:37;www.google.fr
0433;03-3-2014T16:11:22;www.google.fr
0433;03-3-2014T16:25:43;www.google.fr
0433;03-3-2014T16:35:42;s-static.ak.facebook.com
0433;03-3-2014T16:35:43;www.facebook.com
0433;03-3-2014T16:36:13;twitter.com
0433;03-3-2014T16:37:07;s-static.ak.facebook.com
0433;03-3-2014T16:37:08;www.facebook.com
0433;03-3-2014T16:37:38;twitter.com
0433;03-3-2014T16:37:39;platform.twitter.com
0433;03-3-2014T16:38:16;netbeans.org
0433;03-3-2014T16:38:18;www.google.com
0433;03-3-2014T16:38:35;netbeans.org
0433;03-3-2014T16:38:38;accounts.google.com
0433;03-3-2014T16:39:58;www.google.fr
0433;03-3-2014T16:40:01;apis.google.com
0433;03-3-2014T16:44:04;netbeans.org
0433;03-3-2014T16:44:10;netbeans.org
0433;03-3-2014T16:44:11;netbeans.org
0433;03-3-2014T16:44:19;netbeans.org
0433;03-3-2014T16:44:20;netbeans.org
0433;03-3-2014T16:44:32;netbeans.org
0433;03-3-2014T16:44:39;netbeans.org
0433;03-3-2014T16:47:07;www.google.com
0433;03-3-2014T16:59:59;www.google.fr
0433;26-3-2014T13:43:33;www.hotmail.fr
0433;26-3-2014T13:43:45;login.live.com
0433;26-3-2014T13:43:53;login.live.com
0433;26-3-2014T13:44:27;windowslive.tt.omtrdc.net
0433;26-3-2014T13:44:40;windowslive.tt.omtrdc.net
0433;26-3-2014T13:46:18;ieonline.microsoft.com
0433;31-3-2014T14:38:40;google.fr
0433;31-3-2014T14:38:40;www.google.fr
0433;31-3-2014T14:39:07;www.hotmail.fr
0433;31-3-2014T14:40:48;dl.patchbeam.com
0433;31-3-2014T14:40:48;www.powerarchiver.com
0433;31-3-2014T14:52:54;www.google.fr
0433;31-3-2014T14:38:56;www.google.fr
0433;31-3-2014T14:38:57;apis.google.com
0433;31-3-2014T14:39:00;www.google.com
0433;31-3-2014T14:39:18;login.live.com
0433;31-3-2014T14:39:25;apis.google.com
0433;31-3-2014T14:39:25;www.google.fr
0433;31-3-2014T14:39:26;login.live.com
0433;31-3-2014T14:39:32;www.google.fr
0433;31-3-2014T14:39:38;www.google.com
0433;31-3-2014T14:39:48;login.live.com
0433;31-3-2014T14:39:49;login.live.com
0433;31-3-2014T14:39:54;mail.live.com
0433;31-3-2014T14:39:58;dub122.mail.live.com
0433;31-3-2014T14:39:59;dub122.mail.live.com
0433;31-3-2014T14:39:59;cid-0b517a38a82e112f.users.storage.live.com
0433;31-3-2014T14:39:59;people.directory.live.com
0433;31-3-2014T14:40:01;dub122.mail.live.com
0433;31-3-2014T14:40:03;h.live.com
0433;31-3-2014T14:40:04;js.live.net
0433;31-3-2014T14:40:04;h.bing.com
0433;31-3-2014T14:40:05;dub122.mail.live.com
0433;31-3-2014T14:40:05;h.live.com
0433;31-3-2014T14:40:05;h.bing.com
0433;31-3-2014T14:40:05;secure.shared.live.com
0433;31-3-2014T14:40:06;h.live.com
0433;31-3-2014T14:40:06;secure.shared.live.com
0433;31-3-2014T14:40:07;windowslive.tt.omtrdc.net
0433;31-3-2014T14:40:08;go.trouter.io
0433;31-3-2014T14:40:08;h.live.com
0433;31-3-2014T14:40:09;storage.live.com
0433;31-3-2014T14:40:10;dub122.mail.live.com
0433;31-3-2014T14:40:10;secure.shared.live.com
0433;31-3-2014T14:40:10;cid-0b517a38a82e112f.users.storage.live.com
0433;31-3-2014T14:40:18;dub122.afx.ms
0433;31-3-2014T14:40:20;dub122.mail.live.com
0433;31-3-2014T14:40:29;h.live.com
0433;31-3-2014T14:41:18;storage.live.com
0433;31-3-2014T14:41:47;ieonline.microsoft.com
0433;31-3-2014T14:42:11;dub122.mail.live.com
0433;31-3-2014T14:42:18;go.trouter.io
0433;31-3-2014T14:43:27;dub122.mail.live.com
0433;31-3-2014T14:52:37;cid-0b517a38a82e112f.users.storage.live.com
0433;31-3-2014T14:52:46;login.live.com
0433;31-3-2014T14:52:48;login.live.com
0433;31-3-2014T14:53:08;www.google.fr
0433;31-3-2014T14:53:17;go.trouter.io
0433;31-3-2014T14:53:17;www.google.fr
